Unnamed: 0,inventory_id,tree_id,tree_tag,tree_status,tree_status_label,tree_firedamage,tree_burn,tree_ht,tree_resprouting,tree_decay_class,tree_decay_class_label,treepost_scorch_m,treepost_scorch_per,treepost_torch_m,treepost_torch_per,treepost_bole_char_m,tree_notes,site_project,site_project_label,site_name,site_name_label,inventory_pre_post_fire,inventory_pre_post_fire_label,plot_num,plot_blk,inventory_date,inventory_hour,plot_coord_x,plot_coord_y,plot_coord_srs,plot_declination,inventory_plot_diam,plot_slopeper,plot_aspectdegre,plot_wtreetag_yn,plot_wtreetag,plot_wtreesp,plot_wtreesp_scientific_name,plot_wtreesp_vernacular_name,plot_wtreedbh,plot_wtreeazimuth_deg,plot_wtreedistance_m,inventory_photon_file_uuid,inventory_photon_file_name,inventory_photoe_file_uuid,inventory_photoe_file_name,inventory_photos_file_uuid,inventory_photos_file_name,inventory_photow_file_uuid,inventory_photow_file_name,inventory_firesever,inventory_firesever_label,inventory_seedling_sco_per,inventory_shrubs_sco_per,inventory_sapling_sco_per,inventory_notes,reg_id,reg_plot_diam,ground_cover_id,ground_cover_bare_soil,ground_cover_litter,ground_cover_blacklitter,ground_cover_ash,ground_cover_rock,ground_cover_cwd,ground_cover_basal_veg,ground_cover_burnpiles,groundpost_cover_total,veg_cover_id,veg_cover_tot_veg_percent,veg_cover_tov_percent,veg_cover_und_percent,veg_cover_tos_percent,veg_cover_herb_percent,sp_invcov_id,sp_cov_inv_obs,sp_cov_inv_obs_label
0,53_pre_ind_burn3d,1,A,Dead,Dead,,False,,,1.0,"1. All limbs and branches presents. Top pointed. 100% of bark remaining. Intact Sapwood presence and sound, incipient decay, hard, original color. Heartwood sound, hard, origonal color.",,,,,,,burn3d,Burnpro3d,ind,Independence Lake (IND),pre,Prefire,53,,2024-08-17,13:19,732491,4370799,26910,12.98 east,11.3,,,True,495.0,,,,,8,8.5,,,,,,,,,0,Unburned,,,,,1,4.37,1,5,85,0,0,5,0,5,0,100,1,97,10,5,1,95,1,,
1,53_pre_ind_burn3d,2,495,Live,Live,,True,4.2,,,,0.0,0.0,0.0,0.0,0.2,,burn3d,Burnpro3d,ind,Independence Lake (IND),pre,Prefire,53,,2024-08-17,13:19,732491,4370799,26910,12.98 east,11.3,,,True,495.0,,,,,8,8.5,,,,,,,,,0,Unburned,,,,,1,4.37,1,5,85,0,0,5,0,5,0,100,1,97,10,5,1,95,1,,
2,53_pre_ind_burn3d,3,496,Live,Live,,False,7.8,,,,,,,,,,burn3d,Burnpro3d,ind,Independence Lake (IND),pre,Prefire,53,,2024-08-17,13:19,732491,4370799,26910,12.98 east,11.3,,,True,495.0,,,,,8,8.5,,,,,,,,,0,Unburned,,,,,1,4.37,1,5,85,0,0,5,0,5,0,100,1,97,10,5,1,95,1,,
4,53_pre_ind_burn3d,5,498,Live,Live,,False,4.0,,,,,,,,,,burn3d,Burnpro3d,ind,Independence Lake (IND),pre,Prefire,53,,2024-08-17,13:19,732491,4370799,26910,12.98 east,11.3,,,True,495.0,,,,,8,8.5,,,,,,,,,0,Unburned,,,,,1,4.37,1,5,85,0,0,5,0,5,0,100,1,97,10,5,1,95,1,,
6,53_pre_ind_burn3d,7,500,Live,Live,,False,3.0,,,,,,,,,,burn3d,Burnpro3d,ind,Independence Lake (IND),pre,Prefire,53,,2024-08-17,13:19,732491,4370799,26910,12.98 east,11.3,,,True,495.0,,,,,8,8.5,,,,,,,,,0,Unburned,,,,,1,4.37,1,5,85,0,0,5,0,5,0,100,1,97,10,5,1,95,1,,
8,53_pre_ind_burn3d,9,402,Live,Live,,False,23.0,,,,,,,,,,burn3d,Burnpro3d,ind,Independence Lake (IND),pre,Prefire,53,,2024-08-17,13:19,732491,4370799,26910,12.98 east,11.3,,,True,495.0,,,,,8,8.5,,,,,,,,,0,Unburned,,,,,1,4.37,1,5,85,0,0,5,0,5,0,100,1,97,10,5,1,95,1,,
10,53_pre_ind_burn3d,11,404,Live,Live,,False,19.0,,,,,,,,,,burn3d,Burnpro3d,ind,Independence Lake (IND),pre,Prefire,53,,2024-08-17,13:19,732491,4370799,26910,12.98 east,11.3,,,True,495.0,,,,,8,8.5,,,,,,,,,0,Unburned,,,,,1,4.37,1,5,85,0,0,5,0,5,0,100,1,97,10,5,1,95,1,,
11,53_pre_ind_burn3d,12,405,Live,Live,,False,16.0,,,,,,,,,,burn3d,Burnpro3d,ind,Independence Lake (IND),pre,Prefire,53,,2024-08-17,13:19,732491,4370799,26910,12.98 east,11.3,,,True,495.0,,,,,8,8.5,,,,,,,,,0,Unburned,,,,,1,4.37,1,5,85,0,0,5,0,5,0,100,1,97,10,5,1,95,1,,
12,53_pre_ind_burn3d,13,B,Dead,Dead,,False,13.0,,3.0,"3. Limb stubs. Top bronken. Percentatge of bark remaining variable. Sloughing sapwood presence and fibrous, soft, light to reddish. Heartwood incipient decay at base, advance decay throughout upper bole, fibrous, hartd to firm, reddisg brown.",,,,,,,burn3d,Burnpro3d,ind,Independence Lake (IND),pre,Prefire,53,,2024-08-17,13:19,732491,4370799,26910,12.98 east,11.3,,,True,495.0,,,,,8,8.5,,,,,,,,,0,Unburned,,,,,1,4.37,1,5,85,0,0,5,0,5,0,100,1,97,10,5,1,95,1,,
13,53_pre_ind_burn3d,14,C,Dead,Dead,,False,12.0,,3.0,"3. Limb stubs. Top bronken. Percentatge of bark remaining variable. Sloughing sapwood presence and fibrous, soft, light to reddish. Heartwood incipient decay at base, advance decay throughout upper bole, fibrous, hartd to firm, reddisg brown.",,,,,,,burn3d,Burnpro3d,ind,Independence Lake (IND),pre,Prefire,53,,2024-08-17,13:19,732491,4370799,26910,12.98 east,11.3,,,True,495.0,,,,,8,8.5,,,,,,,,,0,Unburned,,,,,1,4.37,1,5,85,0,0,5,0,5,0,100,1,97,10,5,1,95,1,,
14,53_pre_ind_burn3d,15,406,Live,Live,,False,15.0,,,,,,,,,,burn3d,Burnpro3d,ind,Independence Lake (IND),pre,Prefire,53,,2024-08-17,13:19,732491,4370799,26910,12.98 east,11.3,,,True,495.0,,,,,8,8.5,,,,,,,,,0,Unburned,,,,,1,4.37,1,5,85,0,0,5,0,5,0,100,1,97,10,5,1,95,1,,
17,53_pre_ind_burn3d,18,407,Live,Live,,False,12.0,,,,,,,,,,burn3d,Burnpro3d,ind,Independence Lake (IND),pre,Prefire,53,,2024-08-17,13:19,732491,4370799,26910,12.98 east,11.3,,,True,495.0,,,,,8,8.5,,,,,,,,,0,Unburned,,,,,1,4.37,1,5,85,0,0,5,0,5,0,100,1,97,10,5,1,95,1,,
18,53_pre_ind_burn3d,19,408,Live,Live,,False,16.0,,,,,,,,,,burn3d,Burnpro3d,ind,Independence Lake (IND),pre,Prefire,53,,2024-08-17,13:19,732491,4370799,26910,12.98 east,11.3,,,True,495.0,,,,,8,8.5,,,,,,,,,0,Unburned,,,,,1,4.37,1,5,85,0,0,5,0,5,0,100,1,97,10,5,1,95,1,,
19,53_pre_ind_burn3d,20,409,Live,Live,,False,12.0,,,,,,,,,,burn3d,Burnpro3d,ind,Independence Lake (IND),pre,Prefire,53,,2024-08-17,13:19,732491,4370799,26910,12.98 east,11.3,,,True,495.0,,,,,8,8.5,,,,,,,,,0,Unburned,,,,,1,4.37,1,5,85,0,0,5,0,5,0,100,1,97,10,5,1,95,1,,
20,53_pre_ind_burn3d,21,410,Live,Live,,False,15.0,,,,,,,,,,burn3d,Burnpro3d,ind,Independence Lake (IND),pre,Prefire,53,,2024-08-17,13:19,732491,4370799,26910,12.98 east,11.3,,,True,495.0,,,,,8,8.5,,,,,,,,,0,Unburned,,,,,1,4.37,1,5,85,0,0,5,0,5,0,100,1,97,10,5,1,95,1,,
21,53_pre_ind_burn3d,22,F,Dead,Dead,,False,6.0,,2.0,"2. Few limbs, no fine brances. Top bronken. Percentatge of bark remaining variable. Sloughing sapwood presence and advanced decay, fibrous, firm to soft, light brown. Heartwood soud at base, incipient decay in outer edge of upper bole, hard, light to red brown.",,,,,,,burn3d,Burnpro3d,ind,Independence Lake (IND),pre,Prefire,53,,2024-08-17,13:19,732491,4370799,26910,12.98 east,11.3,,,True,495.0,,,,,8,8.5,,,,,,,,,0,Unburned,,,,,1,4.37,1,5,85,0,0,5,0,5,0,100,1,97,10,5,1,95,1,,
23,46_pre_ind_burn3d,1,492,Live,Live,,False,14.6,,,,,,,,,witness tree,burn3d,Burnpro3d,ind,Independence Lake (IND),pre,Prefire,46,,2024-08-17,11:00,733059,4371049,26910,"12,98 east",11.3,12.0,168.0,True,492.0,,,,,37,5.24,78332480-c10d-4ac5-9471-45f174945d92,7c48fe46-2e7a-4d3a-988c-d287a060bf2b.jpeg,8b170393-d001-460e-8964-78257d9e2466,99dfcb2f-2678-428a-bb46-3893e027db61.jpeg,a43c73ee-6ab6-423a-a66b-3e9ed6ab0bdb,02a1f198-8bbf-4d39-9ae5-2cb68ab4785c.jpeg,928fb5a4-efbe-4768-838b-28bbe1c49154,b65ed093-5db9-4f30-9bbd-3a968461ea19.jpeg,1,Light patchy burn pattern,,,,90 degree transect offset to 80 degrees due to Boulder in plot,1,4.37,1,85,10,0,0,5,0,0,0,100,1,40,10,0,2,40,1,3.0,Abigail
24,46_pre_ind_burn3d,2,493,Live,Live,,False,11.8,,,,,,,,,,burn3d,Burnpro3d,ind,Independence Lake (IND),pre,Prefire,46,,2024-08-17,11:00,733059,4371049,26910,"12,98 east",11.3,12.0,168.0,True,492.0,,,,,37,5.24,78332480-c10d-4ac5-9471-45f174945d92,7c48fe46-2e7a-4d3a-988c-d287a060bf2b.jpeg,8b170393-d001-460e-8964-78257d9e2466,99dfcb2f-2678-428a-bb46-3893e027db61.jpeg,a43c73ee-6ab6-423a-a66b-3e9ed6ab0bdb,02a1f198-8bbf-4d39-9ae5-2cb68ab4785c.jpeg,928fb5a4-efbe-4768-838b-28bbe1c49154,b65ed093-5db9-4f30-9bbd-3a968461ea19.jpeg,1,Light patchy burn pattern,,,,90 degree transect offset to 80 degrees due to Boulder in plot,1,4.37,1,85,10,0,0,5,0,0,0,100,1,40,10,0,2,40,1,3.0,Abigail
26,44_pre_ind_burn3d,1,481,Live,Live,,False,26.0,,,,,,,,,,burn3d,Burnpro3d,ind,Independence Lake (IND),pre,Prefire,44,,2024-08-17,08:56,732939,4371205,26910,"12,98 east",11.3,2.0,286.0,True,481.0,,,,,34,7.0,67f1dbc3-d55d-4ffe-a09d-8dd945903ef2,986077e7-6fb1-4e40-adf5-2758da894639.jpeg,490addc5-d915-46e8-8989-546067c77d77,715cc718-909c-4938-9218-534dca7980f9.jpeg,1c314e32-ddfb-4ce2-93cd-4b84fea3889d,45ad4b0a-8232-4524-9ad8-82ccd53cd88b.jpeg,37a38472-f6f8-428a-a486-5df5dbcca74a,8a689621-c689-4c3d-9999-a810266525cf.jpeg,1,Light patchy burn pattern,,,,,1,4.37,1,3,91,0,0,3,2,1,0,100,1,55,30,1,1,23,1,3.0,Abigail
27,44_pre_ind_burn3d,2,482,Live,Live,,False,18.0,,,,,,,,,,burn3d,Burnpro3d,ind,Independence Lake (IND),pre,Prefire,44,,2024-08-17,08:56,732939,4371205,26910,"12,98 east",11.3,2.0,286.0,True,481.0,,,,,34,7.0,67f1dbc3-d55d-4ffe-a09d-8dd945903ef2,986077e7-6fb1-4e40-adf5-2758da894639.jpeg,490addc5-d915-46e8-8989-546067c77d77,715cc718-909c-4938-9218-534dca7980f9.jpeg,1c314e32-ddfb-4ce2-93cd-4b84fea3889d,45ad4b0a-8232-4524-9ad8-82ccd53cd88b.jpeg,37a38472-f6f8-428a-a486-5df5dbcca74a,8a689621-c689-4c3d-9999-a810266525cf.jpeg,1,Light patchy burn pattern,,,,,1,4.37,1,3,91,0,0,3,2,1,0,100,1,55,30,1,1,23,1,3.0,Abigail
28,44_pre_ind_burn3d,3,483,Live,Live,,False,17.0,,,,,,,,,,burn3d,Burnpro3d,ind,Independence Lake (IND),pre,Prefire,44,,2024-08-17,08:56,732939,4371205,26910,"12,98 east",11.3,2.0,286.0,True,481.0,,,,,34,7.0,67f1dbc3-d55d-4ffe-a09d-8dd945903ef2,986077e7-6fb1-4e40-adf5-2758da894639.jpeg,490addc5-d915-46e8-8989-546067c77d77,715cc718-909c-4938-9218-534dca7980f9.jpeg,1c314e32-ddfb-4ce2-93cd-4b84fea3889d,45ad4b0a-8232-4524-9ad8-82ccd53cd88b.jpeg,37a38472-f6f8-428a-a486-5df5dbcca74a,8a689621-c689-4c3d-9999-a810266525cf.jpeg,1,Light patchy burn pattern,,,,,1,4.37,1,3,91,0,0,3,2,1,0,100,1,55,30,1,1,23,1,3.0,Abigail
29,44_pre_ind_burn3d,4,484,Live,Live,,False,28.0,,,,,,,,,,burn3d,Burnpro3d,ind,Independence Lake (IND),pre,Prefire,44,,2024-08-17,08:56,732939,4371205,26910,"12,98 east",11.3,2.0,286.0,True,481.0,,,,,34,7.0,67f1dbc3-d55d-4ffe-a09d-8dd945903ef2,986077e7-6fb1-4e40-adf5-2758da894639.jpeg,490addc5-d915-46e8-8989-546067c77d77,715cc718-909c-4938-9218-534dca7980f9.jpeg,1c314e32-ddfb-4ce2-93cd-4b84fea3889d,45ad4b0a-8232-4524-9ad8-82ccd53cd88b.jpeg,37a38472-f6f8-428a-a486-5df5dbcca74a,8a689621-c689-4c3d-9999-a810266525cf.jpeg,1,Light patchy burn pattern,,,,,1,4.37,1,3,91,0,0,3,2,1,0,100,1,55,30,1,1,23,1,3.0,Abigail
31,44_pre_ind_burn3d,6,486,Live,Live,,False,28.0,,,,,,,,,,burn3d,Burnpro3d,ind,Independence Lake (IND),pre,Prefire,44,,2024-08-17,08:56,732939,4371205,26910,"12,98 east",11.3,2.0,286.0,True,481.0,,,,,34,7.0,67f1dbc3-d55d-4ffe-a09d-8dd945903ef2,986077e7-6fb1-4e40-adf5-2758da894639.jpeg,490addc5-d915-46e8-8989-546067c77d77,715cc718-909c-4938-9218-534dca7980f9.jpeg,1c314e32-ddfb-4ce2-93cd-4b84fea3889d,45ad4b0a-8232-4524-9ad8-82ccd53cd88b.jpeg,37a38472-f6f8-428a-a486-5df5dbcca74a,8a689621-c689-4c3d-9999-a810266525cf.jpeg,1,Light patchy burn pattern,,,,,1,4.37,1,3,91,0,0,3,2,1,0,100,1,55,30,1,1,23,1,3.0,Abigail
32,44_pre_ind_burn3d,7,487,Live,Live,,False,5.0,,,,,,,,,Only living branches in one quadrant,burn3d,Burnpro3d,ind,Independence Lake (IND),pre,Prefire,44,,2024-08-17,08:56,732939,4371205,26910,"12,98 east",11.3,2.0,286.0,True,481.0,,,,,34,7.0,67f1dbc3-d55d-4ffe-a09d-8dd945903ef2,986077e7-6fb1-4e40-adf5-2758da894639.jpeg,490addc5-d915-46e8-8989-546067c77d77,715cc718-909c-4938-9218-534dca7980f9.jpeg,1c314e32-ddfb-4ce2-93cd-4b84fea3889d,45ad4b0a-8232-4524-9ad8-82ccd53cd88b.jpeg,37a38472-f6f8-428a-a486-5df5dbcca74a,8a689621-c689-4c3d-9999-a810266525cf.jpeg,1,Light patchy burn pattern,,,,,1,4.37,1,3,91,0,0,3,2,1,0,100,1,55,30,1,1,23,1,3.0,Abigail
34,44_pre_ind_burn3d,9,489,Live,Live,,False,22.0,,,,,,,,,,burn3d,Burnpro3d,ind,Independence Lake (IND),pre,Prefire,44,,2024-08-17,08:56,732939,4371205,26910,"12,98 east",11.3,2.0,286.0,True,481.0,,,,,34,7.0,67f1dbc3-d55d-4ffe-a09d-8dd945903ef2,986077e7-6fb1-4e40-adf5-2758da894639.jpeg,490addc5-d915-46e8-8989-546067c77d77,715cc718-909c-4938-9218-534dca7980f9.jpeg,1c314e32-ddfb-4ce2-93cd-4b84fea3889d,45ad4b0a-8232-4524-9ad8-82ccd53cd88b.jpeg,37a38472-f6f8-428a-a486-5df5dbcca74a,8a689621-c689-4c3d-9999-a810266525cf.jpeg,1,Light patchy burn pattern,,,,,1,4.37,1,3,91,0,0,3,2,1,0,100,1,55,30,1,1,23,1,3.0,Abigail
35,44_pre_ind_burn3d,10,490,Live,Live,,False,27.0,,,,,,,,,,burn3d,Burnpro3d,ind,Independence Lake (IND),pre,Prefire,44,,2024-08-17,08:56,732939,4371205,26910,"12,98 east",11.3,2.0,286.0,True,481.0,,,,,34,7.0,67f1dbc3-d55d-4ffe-a09d-8dd945903ef2,986077e7-6fb1-4e40-adf5-2758da894639.jpeg,490addc5-d915-46e8-8989-546067c77d77,715cc718-909c-4938-9218-534dca7980f9.jpeg,1c314e32-ddfb-4ce2-93cd-4b84fea3889d,45ad4b0a-8232-4524-9ad8-82ccd53cd88b.jpeg,37a38472-f6f8-428a-a486-5df5dbcca74a,8a689621-c689-4c3d-9999-a810266525cf.jpeg,1,Light patchy burn pattern,,,,,1,4.37,1,3,91,0,0,3,2,1,0,100,1,55,30,1,1,23,1,3.0,Abigail
36,44_pre_ind_burn3d,11,A,Dead,Dead,,False,28.0,,2.0,"2. Few limbs, no fine brances. Top bronken. Percentatge of bark remaining variable. Sloughing sapwood presence and advanced decay, fibrous, firm to soft, light brown. Heartwood soud at base, incipient decay in outer edge of upper bole, hard, light to red brown.",,,,,,Blue Spraypainted W on bole,burn3d,Burnpro3d,ind,Independence Lake (IND),pre,Prefire,44,,2024-08-17,08:56,732939,4371205,26910,"12,98 east",11.3,2.0,286.0,True,481.0,,,,,34,7.0,67f1dbc3-d55d-4ffe-a09d-8dd945903ef2,986077e7-6fb1-4e40-adf5-2758da894639.jpeg,490addc5-d915-46e8-8989-546067c77d77,715cc718-909c-4938-9218-534dca7980f9.jpeg,1c314e32-ddfb-4ce2-93cd-4b84fea3889d,45ad4b0a-8232-4524-9ad8-82ccd53cd88b.jpeg,37a38472-f6f8-428a-a486-5df5dbcca74a,8a689621-c689-4c3d-9999-a810266525cf.jpeg,1,Light patchy burn pattern,,,,,1,4.37,1,3,91,0,0,3,2,1,0,100,1,55,30,1,1,23,1,3.0,Abigail
37,44_pre_ind_burn3d,12,491,Live,Live,,False,28.0,,,,,,,,,,burn3d,Burnpro3d,ind,Independence Lake (IND),pre,Prefire,44,,2024-08-17,08:56,732939,4371205,26910,"12,98 east",11.3,2.0,286.0,True,481.0,,,,,34,7.0,67f1dbc3-d55d-4ffe-a09d-8dd945903ef2,986077e7-6fb1-4e40-adf5-2758da894639.jpeg,490addc5-d915-46e8-8989-546067c77d77,715cc718-909c-4938-9218-534dca7980f9.jpeg,1c314e32-ddfb-4ce2-93cd-4b84fea3889d,45ad4b0a-8232-4524-9ad8-82ccd53cd88b.jpeg,37a38472-f6f8-428a-a486-5df5dbcca74a,8a689621-c689-4c3d-9999-a810266525cf.jpeg,1,Light patchy burn pattern,,,,,1,4.37,1,3,91,0,0,3,2,1,0,100,1,55,30,1,1,23,1,3.0,Abigail
38,44_pre_ind_burn3d,13,B,Dead,Dead,,False,24.0,,2.0,"2. Few limbs, no fine brances. Top bronken. Percentatge of bark remaining variable. Sloughing sapwood presence and advanced decay, fibrous, firm to soft, light brown. Heartwood soud at base, incipient decay in outer edge of upper bole, hard, light to red brown.",,,,,,Cracked down middle of bole,burn3d,Burnpro3d,ind,Independence Lake (IND),pre,Prefire,44,,2024-08-17,08:56,732939,4371205,26910,"12,98 east",11.3,2.0,286.0,True,481.0,,,,,34,7.0,67f1dbc3-d55d-4ffe-a09d-8dd945903ef2,986077e7-6fb1-4e40-adf5-2758da894639.jpeg,490addc5-d915-46e8-8989-546067c77d77,715cc718-909c-4938-9218-534dca7980f9.jpeg,1c314e32-ddfb-4ce2-93cd-4b84fea3889d,45ad4b0a-8232-4524-9ad8-82ccd53cd88b.jpeg,37a38472-f6f8-428a-a486-5df5dbcca74a,8a689621-c689-4c3d-9999-a810266525cf.jpeg,1,Light patchy burn pattern,,,,,1,4.37,1,3,91,0,0,3,2,1,0,100,1,55,30,1,1,23,1,3.0,Abigail
40,44_pre_ind_burn3d,15,D,Dead,Dead,,False,10.0,,1.0,"1. All limbs and branches presents. Top pointed. 100% of bark remaining. Intact Sapwood presence and sound, incipient decay, hard, original color. Heartwood sound, hard, origonal color.",,,,,,,burn3d,Burnpro3d,ind,Independence Lake (IND),pre,Prefire,44,,2024-08-17,08:56,732939,4371205,26910,"12,98 east",11.3,2.0,286.0,True,481.0,,,,,34,7.0,67f1dbc3-d55d-4ffe-a09d-8dd945903ef2,986077e7-6fb1-4e40-adf5-2758da894639.jpeg,490addc5-d915-46e8-8989-546067c77d77,715cc718-909c-4938-9218-534dca7980f9.jpeg,1c314e32-ddfb-4ce2-93cd-4b84fea3889d,45ad4b0a-8232-4524-9ad8-82ccd53cd88b.jpeg,37a38472-f6f8-428a-a486-5df5dbcca74a,8a689621-c689-4c3d-9999-a810266525cf.jpeg,1,Light patchy burn pattern,,,,,1,4.37,1,3,91,0,0,3,2,1,0,100,1,55,30,1,1,23,1,3.0,Abigail
41,44_pre_ind_burn3d,16,E,Dead,Dead,,False,13.0,,1.0,"1. All limbs and branches presents. Top pointed. 100% of bark remaining. Intact Sapwood presence and sound, incipient decay, hard, original color. Heartwood sound, hard, origonal color.",,,,,,,burn3d,Burnpro3d,ind,Independence Lake (IND),pre,Prefire,44,,2024-08-17,08:56,732939,4371205,26910,"12,98 east",11.3,2.0,286.0,True,481.0,,,,,34,7.0,67f1dbc3-d55d-4ffe-a09d-8dd945903ef2,986077e7-6fb1-4e40-adf5-2758da894639.jpeg,490addc5-d915-46e8-8989-546067c77d77,715cc718-909c-4938-9218-534dca7980f9.jpeg,1c314e32-ddfb-4ce2-93cd-4b84fea3889d,45ad4b0a-8232-4524-9ad8-82ccd53cd88b.jpeg,37a38472-f6f8-428a-a486-5df5dbcca74a,8a689621-c689-4c3d-9999-a810266525cf.jpeg,1,Light patchy burn pattern,,,,,1,4.37,1,3,91,0,0,3,2,1,0,100,1,55,30,1,1,23,1,3.0,Abigail
43,55_pre_ind_burn3d,2,479,Live,Live,,False,4.0,,,,,,,,,,burn3d,Burnpro3d,ind,Independence Lake (IND),pre,Prefire,55,CATNF_0055_20240816_1,2024-08-16,15:29,733199,4371175,26910,"12,98 east",11.3,12.0,126.0,True,478.0,,,,,5,8.5,587592d6-b5ee-4c23-bcfb-8138ef4d86f0,57fa11aa-181e-4fe0-891d-aab5281b1115.jpeg,be8d312d-222d-4a2e-8967-4c47bf4a3422,45844d1d-cdb6-4442-a82b-5a35db1ecf0b.jpeg,e3319e37-9b17-400c-bc32-5888bd6d1a22,5f2b9d49-5835-456b-ac78-5c9c663d142e.jpeg,2ef5abd9-43be-40b1-bed4-e652cb10e329,3d989766-6a66-408c-b70d-48e02043dd6a.jpeg,1,Light patchy burn pattern,,,,,1,4.37,1,4,93,0,0,2,0,1,0,100,1,20,5,0,3,15,1,3.0,Abigail
44,55_pre_ind_burn3d,3,A,Dead,Dead,,False,21.0,,2.0,"2. Few limbs, no fine brances. Top bronken. Percentatge of bark remaining variable. Sloughing sapwood presence and advanced decay, fibrous, firm to soft, light brown. Heartwood soud at base, incipient decay in outer edge of upper bole, hard, light to red brown.",,,,,,,burn3d,Burnpro3d,ind,Independence Lake (IND),pre,Prefire,55,CATNF_0055_20240816_1,2024-08-16,15:29,733199,4371175,26910,"12,98 east",11.3,12.0,126.0,True,478.0,,,,,5,8.5,587592d6-b5ee-4c23-bcfb-8138ef4d86f0,57fa11aa-181e-4fe0-891d-aab5281b1115.jpeg,be8d312d-222d-4a2e-8967-4c47bf4a3422,45844d1d-cdb6-4442-a82b-5a35db1ecf0b.jpeg,e3319e37-9b17-400c-bc32-5888bd6d1a22,5f2b9d49-5835-456b-ac78-5c9c663d142e.jpeg,2ef5abd9-43be-40b1-bed4-e652cb10e329,3d989766-6a66-408c-b70d-48e02043dd6a.jpeg,1,Light patchy burn pattern,,,,,1,4.37,1,4,93,0,0,2,0,1,0,100,1,20,5,0,3,15,1,3.0,Abigail
47,47_pre_ind_burn3d,2,472,Live,Live,,False,15.0,,,,,,,,,,burn3d,Burnpro3d,ind,Independence Lake (IND),pre,Prefire,47,CATNF_0047_20240816_1,2024-08-16,13:18,733347,4371034,26910,"12,98 east",11.3,4.0,107.0,True,471.0,,,,,33,11.0,5ca96b44-bc4b-48a1-a414-7ccd33a3b79b,4d48be07-f53b-43ce-ba97-56207782ba3c.jpeg,0d038a57-e710-4348-819c-6a90cca4037e,dd1cb148-ddb7-4cdd-b9b1-0b1f5abc52fa.jpeg,73c96c47-c84e-48b7-95a1-8e115fba7abb,41cf7bce-eafe-499e-ba69-089b5da78734.jpeg,e42a5385-6e0e-4684-b765-4f02e3e11487,11c65397-fb8c-4c0f-8aad-877ae2f2a2c4.jpeg,1,Light patchy burn pattern,,,,,1,4.37,1,10,85,0,0,1,3,1,0,100,1,30,20,0,1,9,1,3.0,Abigail
48,47_pre_ind_burn3d,3,473,Live,Live,,False,20.0,,,,,,,,,,burn3d,Burnpro3d,ind,Independence Lake (IND),pre,Prefire,47,CATNF_0047_20240816_1,2024-08-16,13:18,733347,4371034,26910,"12,98 east",11.3,4.0,107.0,True,471.0,,,,,33,11.0,5ca96b44-bc4b-48a1-a414-7ccd33a3b79b,4d48be07-f53b-43ce-ba97-56207782ba3c.jpeg,0d038a57-e710-4348-819c-6a90cca4037e,dd1cb148-ddb7-4cdd-b9b1-0b1f5abc52fa.jpeg,73c96c47-c84e-48b7-95a1-8e115fba7abb,41cf7bce-eafe-499e-ba69-089b5da78734.jpeg,e42a5385-6e0e-4684-b765-4f02e3e11487,11c65397-fb8c-4c0f-8aad-877ae2f2a2c4.jpeg,1,Light patchy burn pattern,,,,,1,4.37,1,10,85,0,0,1,3,1,0,100,1,30,20,0,1,9,1,3.0,Abigail
49,47_pre_ind_burn3d,4,474,Live,Live,,True,15.0,,,,0.0,0.0,0.0,0.0,0.2,,burn3d,Burnpro3d,ind,Independence Lake (IND),pre,Prefire,47,CATNF_0047_20240816_1,2024-08-16,13:18,733347,4371034,26910,"12,98 east",11.3,4.0,107.0,True,471.0,,,,,33,11.0,5ca96b44-bc4b-48a1-a414-7ccd33a3b79b,4d48be07-f53b-43ce-ba97-56207782ba3c.jpeg,0d038a57-e710-4348-819c-6a90cca4037e,dd1cb148-ddb7-4cdd-b9b1-0b1f5abc52fa.jpeg,73c96c47-c84e-48b7-95a1-8e115fba7abb,41cf7bce-eafe-499e-ba69-089b5da78734.jpeg,e42a5385-6e0e-4684-b765-4f02e3e11487,11c65397-fb8c-4c0f-8aad-877ae2f2a2c4.jpeg,1,Light patchy burn pattern,,,,,1,4.37,1,10,85,0,0,1,3,1,0,100,1,30,20,0,1,9,1,3.0,Abigail
50,47_pre_ind_burn3d,5,A,Dead,Dead,,True,5.9,,1.0,"1. All limbs and branches presents. Top pointed. 100% of bark remaining. Intact Sapwood presence and sound, incipient decay, hard, original color. Heartwood sound, hard, origonal color.",0.0,0.0,0.0,0.0,0.3,,burn3d,Burnpro3d,ind,Independence Lake (IND),pre,Prefire,47,CATNF_0047_20240816_1,2024-08-16,13:18,733347,4371034,26910,"12,98 east",11.3,4.0,107.0,True,471.0,,,,,33,11.0,5ca96b44-bc4b-48a1-a414-7ccd33a3b79b,4d48be07-f53b-43ce-ba97-56207782ba3c.jpeg,0d038a57-e710-4348-819c-6a90cca4037e,dd1cb148-ddb7-4cdd-b9b1-0b1f5abc52fa.jpeg,73c96c47-c84e-48b7-95a1-8e115fba7abb,41cf7bce-eafe-499e-ba69-089b5da78734.jpeg,e42a5385-6e0e-4684-b765-4f02e3e11487,11c65397-fb8c-4c0f-8aad-877ae2f2a2c4.jpeg,1,Light patchy burn pattern,,,,,1,4.37,1,10,85,0,0,1,3,1,0,100,1,30,20,0,1,9,1,3.0,Abigail
51,47_pre_ind_burn3d,6,475,Live,Live,,False,19.0,,,,,,,,,,burn3d,Burnpro3d,ind,Independence Lake (IND),pre,Prefire,47,CATNF_0047_20240816_1,2024-08-16,13:18,733347,4371034,26910,"12,98 east",11.3,4.0,107.0,True,471.0,,,,,33,11.0,5ca96b44-bc4b-48a1-a414-7ccd33a3b79b,4d48be07-f53b-43ce-ba97-56207782ba3c.jpeg,0d038a57-e710-4348-819c-6a90cca4037e,dd1cb148-ddb7-4cdd-b9b1-0b1f5abc52fa.jpeg,73c96c47-c84e-48b7-95a1-8e115fba7abb,41cf7bce-eafe-499e-ba69-089b5da78734.jpeg,e42a5385-6e0e-4684-b765-4f02e3e11487,11c65397-fb8c-4c0f-8aad-877ae2f2a2c4.jpeg,1,Light patchy burn pattern,,,,,1,4.37,1,10,85,0,0,1,3,1,0,100,1,30,20,0,1,9,1,3.0,Abigail
52,47_pre_ind_burn3d,7,476,Live,Live,,False,18.0,,,,,,,,,,burn3d,Burnpro3d,ind,Independence Lake (IND),pre,Prefire,47,CATNF_0047_20240816_1,2024-08-16,13:18,733347,4371034,26910,"12,98 east",11.3,4.0,107.0,True,471.0,,,,,33,11.0,5ca96b44-bc4b-48a1-a414-7ccd33a3b79b,4d48be07-f53b-43ce-ba97-56207782ba3c.jpeg,0d038a57-e710-4348-819c-6a90cca4037e,dd1cb148-ddb7-4cdd-b9b1-0b1f5abc52fa.jpeg,73c96c47-c84e-48b7-95a1-8e115fba7abb,41cf7bce-eafe-499e-ba69-089b5da78734.jpeg,e42a5385-6e0e-4684-b765-4f02e3e11487,11c65397-fb8c-4c0f-8aad-877ae2f2a2c4.jpeg,1,Light patchy burn pattern,,,,,1,4.37,1,10,85,0,0,1,3,1,0,100,1,30,20,0,1,9,1,3.0,Abigail
53,47_pre_ind_burn3d,8,477,Live,Live,,False,20.0,,,,,,,,,,burn3d,Burnpro3d,ind,Independence Lake (IND),pre,Prefire,47,CATNF_0047_20240816_1,2024-08-16,13:18,733347,4371034,26910,"12,98 east",11.3,4.0,107.0,True,471.0,,,,,33,11.0,5ca96b44-bc4b-48a1-a414-7ccd33a3b79b,4d48be07-f53b-43ce-ba97-56207782ba3c.jpeg,0d038a57-e710-4348-819c-6a90cca4037e,dd1cb148-ddb7-4cdd-b9b1-0b1f5abc52fa.jpeg,73c96c47-c84e-48b7-95a1-8e115fba7abb,41cf7bce-eafe-499e-ba69-089b5da78734.jpeg,e42a5385-6e0e-4684-b765-4f02e3e11487,11c65397-fb8c-4c0f-8aad-877ae2f2a2c4.jpeg,1,Light patchy burn pattern,,,,,1,4.37,1,10,85,0,0,1,3,1,0,100,1,30,20,0,1,9,1,3.0,Abigail
54,42_pre_ind_burn3d,1,A,Dead,Dead,,False,18.0,,1.0,"1. All limbs and branches presents. Top pointed. 100% of bark remaining. Intact Sapwood presence and sound, incipient decay, hard, original color. Heartwood sound, hard, origonal color.",,,,,,Ground wasp nest ,burn3d,Burnpro3d,ind,Independence Lake (IND),pre,Prefire,42,CATNF_0042_20240816_1,2024-08-16,10:30,733494,4371166,26910,"12,98 east",11.3,12.0,193.0,True,460.0,,,,,82,8.0,c4a8bbfa-5e59-4fca-ad41-4a76bbb50ac6,16933faf-a7f5-4189-8ae4-9ca5ef76d243.jpeg,cf76e268-0af6-40b6-bdb5-8047a2c64ca3,aa199ce0-1f42-46bb-af4d-631d94ffee78.jpeg,c013e6b8-df15-43c6-92f6-8701096ff45e,a292db7c-6832-4be6-935b-e6a946cc624e.jpeg,574a91a2-1874-4ba2-b026-708b154f3a38,a255f5a8-986e-4428-b240-f2d7fe71eb33.jpeg,0,Unburned,,,,,1,4.37,1,0,89,0,0,10,1,0,0,100,1,35,5,1,15,15,1,3.0,Abigail
58,42_pre_ind_burn3d,5,460,Live,Live,,False,9.0,,,,,,,,,,burn3d,Burnpro3d,ind,Independence Lake (IND),pre,Prefire,42,CATNF_0042_20240816_1,2024-08-16,10:30,733494,4371166,26910,"12,98 east",11.3,12.0,193.0,True,460.0,,,,,82,8.0,c4a8bbfa-5e59-4fca-ad41-4a76bbb50ac6,16933faf-a7f5-4189-8ae4-9ca5ef76d243.jpeg,cf76e268-0af6-40b6-bdb5-8047a2c64ca3,aa199ce0-1f42-46bb-af4d-631d94ffee78.jpeg,c013e6b8-df15-43c6-92f6-8701096ff45e,a292db7c-6832-4be6-935b-e6a946cc624e.jpeg,574a91a2-1874-4ba2-b026-708b154f3a38,a255f5a8-986e-4428-b240-f2d7fe71eb33.jpeg,0,Unburned,,,,,1,4.37,1,0,89,0,0,10,1,0,0,100,1,35,5,1,15,15,1,3.0,Abigail
59,42_pre_ind_burn3d,6,461,Live,Live,,False,12.0,,,,,,,,,,burn3d,Burnpro3d,ind,Independence Lake (IND),pre,Prefire,42,CATNF_0042_20240816_1,2024-08-16,10:30,733494,4371166,26910,"12,98 east",11.3,12.0,193.0,True,460.0,,,,,82,8.0,c4a8bbfa-5e59-4fca-ad41-4a76bbb50ac6,16933faf-a7f5-4189-8ae4-9ca5ef76d243.jpeg,cf76e268-0af6-40b6-bdb5-8047a2c64ca3,aa199ce0-1f42-46bb-af4d-631d94ffee78.jpeg,c013e6b8-df15-43c6-92f6-8701096ff45e,a292db7c-6832-4be6-935b-e6a946cc624e.jpeg,574a91a2-1874-4ba2-b026-708b154f3a38,a255f5a8-986e-4428-b240-f2d7fe71eb33.jpeg,0,Unburned,,,,,1,4.37,1,0,89,0,0,10,1,0,0,100,1,35,5,1,15,15,1,3.0,Abigail
60,42_pre_ind_burn3d,7,462,Live,Live,,False,5.0,,,,,,,,,,burn3d,Burnpro3d,ind,Independence Lake (IND),pre,Prefire,42,CATNF_0042_20240816_1,2024-08-16,10:30,733494,4371166,26910,"12,98 east",11.3,12.0,193.0,True,460.0,,,,,82,8.0,c4a8bbfa-5e59-4fca-ad41-4a76bbb50ac6,16933faf-a7f5-4189-8ae4-9ca5ef76d243.jpeg,cf76e268-0af6-40b6-bdb5-8047a2c64ca3,aa199ce0-1f42-46bb-af4d-631d94ffee78.jpeg,c013e6b8-df15-43c6-92f6-8701096ff45e,a292db7c-6832-4be6-935b-e6a946cc624e.jpeg,574a91a2-1874-4ba2-b026-708b154f3a38,a255f5a8-986e-4428-b240-f2d7fe71eb33.jpeg,0,Unburned,,,,,1,4.37,1,0,89,0,0,10,1,0,0,100,1,35,5,1,15,15,1,3.0,Abigail
61,42_pre_ind_burn3d,8,463,Live,Live,,False,9.0,,,,,,,,,,burn3d,Burnpro3d,ind,Independence Lake (IND),pre,Prefire,42,CATNF_0042_20240816_1,2024-08-16,10:30,733494,4371166,26910,"12,98 east",11.3,12.0,193.0,True,460.0,,,,,82,8.0,c4a8bbfa-5e59-4fca-ad41-4a76bbb50ac6,16933faf-a7f5-4189-8ae4-9ca5ef76d243.jpeg,cf76e268-0af6-40b6-bdb5-8047a2c64ca3,aa199ce0-1f42-46bb-af4d-631d94ffee78.jpeg,c013e6b8-df15-43c6-92f6-8701096ff45e,a292db7c-6832-4be6-935b-e6a946cc624e.jpeg,574a91a2-1874-4ba2-b026-708b154f3a38,a255f5a8-986e-4428-b240-f2d7fe71eb33.jpeg,0,Unburned,,,,,1,4.37,1,0,89,0,0,10,1,0,0,100,1,35,5,1,15,15,1,3.0,Abigail
62,42_pre_ind_burn3d,9,464,Live,Live,,False,15.0,,,,,,,,,,burn3d,Burnpro3d,ind,Independence Lake (IND),pre,Prefire,42,CATNF_0042_20240816_1,2024-08-16,10:30,733494,4371166,26910,"12,98 east",11.3,12.0,193.0,True,460.0,,,,,82,8.0,c4a8bbfa-5e59-4fca-ad41-4a76bbb50ac6,16933faf-a7f5-4189-8ae4-9ca5ef76d243.jpeg,cf76e268-0af6-40b6-bdb5-8047a2c64ca3,aa199ce0-1f42-46bb-af4d-631d94ffee78.jpeg,c013e6b8-df15-43c6-92f6-8701096ff45e,a292db7c-6832-4be6-935b-e6a946cc624e.jpeg,574a91a2-1874-4ba2-b026-708b154f3a38,a255f5a8-986e-4428-b240-f2d7fe71eb33.jpeg,0,Unburned,,,,,1,4.37,1,0,89,0,0,10,1,0,0,100,1,35,5,1,15,15,1,3.0,Abigail
64,42_pre_ind_burn3d,11,466,Live,Live,,False,19.0,,,,,,,,,,burn3d,Burnpro3d,ind,Independence Lake (IND),pre,Prefire,42,CATNF_0042_20240816_1,2024-08-16,10:30,733494,4371166,26910,"12,98 east",11.3,12.0,193.0,True,460.0,,,,,82,8.0,c4a8bbfa-5e59-4fca-ad41-4a76bbb50ac6,16933faf-a7f5-4189-8ae4-9ca5ef76d243.jpeg,cf76e268-0af6-40b6-bdb5-8047a2c64ca3,aa199ce0-1f42-46bb-af4d-631d94ffee78.jpeg,c013e6b8-df15-43c6-92f6-8701096ff45e,a292db7c-6832-4be6-935b-e6a946cc624e.jpeg,574a91a2-1874-4ba2-b026-708b154f3a38,a255f5a8-986e-4428-b240-f2d7fe71eb33.jpeg,0,Unburned,,,,,1,4.37,1,0,89,0,0,10,1,0,0,100,1,35,5,1,15,15,1,3.0,Abigail
65,42_pre_ind_burn3d,12,467,Live,Live,,False,19.0,,,,,,,,,,burn3d,Burnpro3d,ind,Independence Lake (IND),pre,Prefire,42,CATNF_0042_20240816_1,2024-08-16,10:30,733494,4371166,26910,"12,98 east",11.3,12.0,193.0,True,460.0,,,,,82,8.0,c4a8bbfa-5e59-4fca-ad41-4a76bbb50ac6,16933faf-a7f5-4189-8ae4-9ca5ef76d243.jpeg,cf76e268-0af6-40b6-bdb5-8047a2c64ca3,aa199ce0-1f42-46bb-af4d-631d94ffee78.jpeg,c013e6b8-df15-43c6-92f6-8701096ff45e,a292db7c-6832-4be6-935b-e6a946cc624e.jpeg,574a91a2-1874-4ba2-b026-708b154f3a38,a255f5a8-986e-4428-b240-f2d7fe71eb33.jpeg,0,Unburned,,,,,1,4.37,1,0,89,0,0,10,1,0,0,100,1,35,5,1,15,15,1,3.0,Abigail
67,42_pre_ind_burn3d,14,468,Live,Live,,False,16.0,,,,,,,,,,burn3d,Burnpro3d,ind,Independence Lake (IND),pre,Prefire,42,CATNF_0042_20240816_1,2024-08-16,10:30,733494,4371166,26910,"12,98 east",11.3,12.0,193.0,True,460.0,,,,,82,8.0,c4a8bbfa-5e59-4fca-ad41-4a76bbb50ac6,16933faf-a7f5-4189-8ae4-9ca5ef76d243.jpeg,cf76e268-0af6-40b6-bdb5-8047a2c64ca3,aa199ce0-1f42-46bb-af4d-631d94ffee78.jpeg,c013e6b8-df15-43c6-92f6-8701096ff45e,a292db7c-6832-4be6-935b-e6a946cc624e.jpeg,574a91a2-1874-4ba2-b026-708b154f3a38,a255f5a8-986e-4428-b240-f2d7fe71eb33.jpeg,0,Unburned,,,,,1,4.37,1,0,89,0,0,10,1,0,0,100,1,35,5,1,15,15,1,3.0,Abigail
68,42_pre_ind_burn3d,15,469,Live,Live,,False,8.0,,,,,,,,,,burn3d,Burnpro3d,ind,Independence Lake (IND),pre,Prefire,42,CATNF_0042_20240816_1,2024-08-16,10:30,733494,4371166,26910,"12,98 east",11.3,12.0,193.0,True,460.0,,,,,82,8.0,c4a8bbfa-5e59-4fca-ad41-4a76bbb50ac6,16933faf-a7f5-4189-8ae4-9ca5ef76d243.jpeg,cf76e268-0af6-40b6-bdb5-8047a2c64ca3,aa199ce0-1f42-46bb-af4d-631d94ffee78.jpeg,c013e6b8-df15-43c6-92f6-8701096ff45e,a292db7c-6832-4be6-935b-e6a946cc624e.jpeg,574a91a2-1874-4ba2-b026-708b154f3a38,a255f5a8-986e-4428-b240-f2d7fe71eb33.jpeg,0,Unburned,,,,,1,4.37,1,0,89,0,0,10,1,0,0,100,1,35,5,1,15,15,1,3.0,Abigail
69,42_pre_ind_burn3d,16,470,Live,Live,,False,21.0,,,,,,,,,,burn3d,Burnpro3d,ind,Independence Lake (IND),pre,Prefire,42,CATNF_0042_20240816_1,2024-08-16,10:30,733494,4371166,26910,"12,98 east",11.3,12.0,193.0,True,460.0,,,,,82,8.0,c4a8bbfa-5e59-4fca-ad41-4a76bbb50ac6,16933faf-a7f5-4189-8ae4-9ca5ef76d243.jpeg,cf76e268-0af6-40b6-bdb5-8047a2c64ca3,aa199ce0-1f42-46bb-af4d-631d94ffee78.jpeg,c013e6b8-df15-43c6-92f6-8701096ff45e,a292db7c-6832-4be6-935b-e6a946cc624e.jpeg,574a91a2-1874-4ba2-b026-708b154f3a38,a255f5a8-986e-4428-b240-f2d7fe71eb33.jpeg,0,Unburned,,,,,1,4.37,1,0,89,0,0,10,1,0,0,100,1,35,5,1,15,15,1,3.0,Abigail
70,42_pre_ind_burn3d,17,F,Dead,Dead,,False,19.0,,1.0,"1. All limbs and branches presents. Top pointed. 100% of bark remaining. Intact Sapwood presence and sound, incipient decay, hard, original color. Heartwood sound, hard, origonal color.",,,,,,,burn3d,Burnpro3d,ind,Independence Lake (IND),pre,Prefire,42,CATNF_0042_20240816_1,2024-08-16,10:30,733494,4371166,26910,"12,98 east",11.3,12.0,193.0,True,460.0,,,,,82,8.0,c4a8bbfa-5e59-4fca-ad41-4a76bbb50ac6,16933faf-a7f5-4189-8ae4-9ca5ef76d243.jpeg,cf76e268-0af6-40b6-bdb5-8047a2c64ca3,aa199ce0-1f42-46bb-af4d-631d94ffee78.jpeg,c013e6b8-df15-43c6-92f6-8701096ff45e,a292db7c-6832-4be6-935b-e6a946cc624e.jpeg,574a91a2-1874-4ba2-b026-708b154f3a38,a255f5a8-986e-4428-b240-f2d7fe71eb33.jpeg,0,Unburned,,,,,1,4.37,1,0,89,0,0,10,1,0,0,100,1,35,5,1,15,15,1,3.0,Abigail
71,52_pre_ind_burn3d,1,A,Dead,Dead,,False,12.0,,1.0,"1. All limbs and branches presents. Top pointed. 100% of bark remaining. Intact Sapwood presence and sound, incipient decay, hard, original color. Heartwood sound, hard, origonal color.",,,,,,,burn3d,Burnpro3d,ind,Independence Lake (IND),pre,Prefire,52,,2024-08-15,11:47,732629,4370927,26910,"12,98 east",11.3,3.0,49.0,True,454.0,,,,,77,8.7,d48090b7-bf87-4a99-ae39-2d6227465e87,fa4bfb0a-bbda-47f2-b904-7ddbb164c2e3.jpeg,46f33def-bc64-407d-89bd-6bdee496f127,c1c6a039-1c41-45bc-beb3-4bbd667fe154.jpeg,07225f0f-140b-4202-92bc-b2f8d7afed1d,0ec42676-f8e7-4f83-9703-a63e5ba1b5df.jpeg,f25af14a-318f-4123-aac8-d6db43a3737f,5cdf170c-fc65-4357-9752-f01ac7856880.jpeg,1,Light patchy burn pattern,,,,,1,4.37,1,0,86,0,0,2,7,5,0,100,1,88,5,3,5,60,1,3.0,Abigail
74,52_pre_ind_burn3d,4,C,Dead,Dead,,False,9.0,,1.0,"1. All limbs and branches presents. Top pointed. 100% of bark remaining. Intact Sapwood presence and sound, incipient decay, hard, original color. Heartwood sound, hard, origonal color.",,,,,,,burn3d,Burnpro3d,ind,Independence Lake (IND),pre,Prefire,52,,2024-08-15,11:47,732629,4370927,26910,"12,98 east",11.3,3.0,49.0,True,454.0,,,,,77,8.7,d48090b7-bf87-4a99-ae39-2d6227465e87,fa4bfb0a-bbda-47f2-b904-7ddbb164c2e3.jpeg,46f33def-bc64-407d-89bd-6bdee496f127,c1c6a039-1c41-45bc-beb3-4bbd667fe154.jpeg,07225f0f-140b-4202-92bc-b2f8d7afed1d,0ec42676-f8e7-4f83-9703-a63e5ba1b5df.jpeg,f25af14a-318f-4123-aac8-d6db43a3737f,5cdf170c-fc65-4357-9752-f01ac7856880.jpeg,1,Light patchy burn pattern,,,,,1,4.37,1,0,86,0,0,2,7,5,0,100,1,88,5,3,5,60,1,3.0,Abigail
79,52_pre_ind_burn3d,9,H,Dead,Dead,,False,27.0,,1.0,"1. All limbs and branches presents. Top pointed. 100% of bark remaining. Intact Sapwood presence and sound, incipient decay, hard, original color. Heartwood sound, hard, origonal color.",,,,,,,burn3d,Burnpro3d,ind,Independence Lake (IND),pre,Prefire,52,,2024-08-15,11:47,732629,4370927,26910,"12,98 east",11.3,3.0,49.0,True,454.0,,,,,77,8.7,d48090b7-bf87-4a99-ae39-2d6227465e87,fa4bfb0a-bbda-47f2-b904-7ddbb164c2e3.jpeg,46f33def-bc64-407d-89bd-6bdee496f127,c1c6a039-1c41-45bc-beb3-4bbd667fe154.jpeg,07225f0f-140b-4202-92bc-b2f8d7afed1d,0ec42676-f8e7-4f83-9703-a63e5ba1b5df.jpeg,f25af14a-318f-4123-aac8-d6db43a3737f,5cdf170c-fc65-4357-9752-f01ac7856880.jpeg,1,Light patchy burn pattern,,,,,1,4.37,1,0,86,0,0,2,7,5,0,100,1,88,5,3,5,60,1,3.0,Abigail
80,52_pre_ind_burn3d,10,I,Dead,Dead,,False,6.0,,1.0,"1. All limbs and branches presents. Top pointed. 100% of bark remaining. Intact Sapwood presence and sound, incipient decay, hard, original color. Heartwood sound, hard, origonal color.",,,,,,,burn3d,Burnpro3d,ind,Independence Lake (IND),pre,Prefire,52,,2024-08-15,11:47,732629,4370927,26910,"12,98 east",11.3,3.0,49.0,True,454.0,,,,,77,8.7,d48090b7-bf87-4a99-ae39-2d6227465e87,fa4bfb0a-bbda-47f2-b904-7ddbb164c2e3.jpeg,46f33def-bc64-407d-89bd-6bdee496f127,c1c6a039-1c41-45bc-beb3-4bbd667fe154.jpeg,07225f0f-140b-4202-92bc-b2f8d7afed1d,0ec42676-f8e7-4f83-9703-a63e5ba1b5df.jpeg,f25af14a-318f-4123-aac8-d6db43a3737f,5cdf170c-fc65-4357-9752-f01ac7856880.jpeg,1,Light patchy burn pattern,,,,,1,4.37,1,0,86,0,0,2,7,5,0,100,1,88,5,3,5,60,1,3.0,Abigail
81,52_pre_ind_burn3d,11,455,Live,Live,,False,25.0,,,,,,,,,,burn3d,Burnpro3d,ind,Independence Lake (IND),pre,Prefire,52,,2024-08-15,11:47,732629,4370927,26910,"12,98 east",11.3,3.0,49.0,True,454.0,,,,,77,8.7,d48090b7-bf87-4a99-ae39-2d6227465e87,fa4bfb0a-bbda-47f2-b904-7ddbb164c2e3.jpeg,46f33def-bc64-407d-89bd-6bdee496f127,c1c6a039-1c41-45bc-beb3-4bbd667fe154.jpeg,07225f0f-140b-4202-92bc-b2f8d7afed1d,0ec42676-f8e7-4f83-9703-a63e5ba1b5df.jpeg,f25af14a-318f-4123-aac8-d6db43a3737f,5cdf170c-fc65-4357-9752-f01ac7856880.jpeg,1,Light patchy burn pattern,,,,,1,4.37,1,0,86,0,0,2,7,5,0,100,1,88,5,3,5,60,1,3.0,Abigail
83,52_pre_ind_burn3d,13,457,Live,Live,,False,20.0,,,,,,,,,,burn3d,Burnpro3d,ind,Independence Lake (IND),pre,Prefire,52,,2024-08-15,11:47,732629,4370927,26910,"12,98 east",11.3,3.0,49.0,True,454.0,,,,,77,8.7,d48090b7-bf87-4a99-ae39-2d6227465e87,fa4bfb0a-bbda-47f2-b904-7ddbb164c2e3.jpeg,46f33def-bc64-407d-89bd-6bdee496f127,c1c6a039-1c41-45bc-beb3-4bbd667fe154.jpeg,07225f0f-140b-4202-92bc-b2f8d7afed1d,0ec42676-f8e7-4f83-9703-a63e5ba1b5df.jpeg,f25af14a-318f-4123-aac8-d6db43a3737f,5cdf170c-fc65-4357-9752-f01ac7856880.jpeg,1,Light patchy burn pattern,,,,,1,4.37,1,0,86,0,0,2,7,5,0,100,1,88,5,3,5,60,1,3.0,Abigail
85,52_pre_ind_burn3d,15,K,Dead,Dead,,False,5.0,,1.0,"1. All limbs and branches presents. Top pointed. 100% of bark remaining. Intact Sapwood presence and sound, incipient decay, hard, original color. Heartwood sound, hard, origonal color.",,,,,,,burn3d,Burnpro3d,ind,Independence Lake (IND),pre,Prefire,52,,2024-08-15,11:47,732629,4370927,26910,"12,98 east",11.3,3.0,49.0,True,454.0,,,,,77,8.7,d48090b7-bf87-4a99-ae39-2d6227465e87,fa4bfb0a-bbda-47f2-b904-7ddbb164c2e3.jpeg,46f33def-bc64-407d-89bd-6bdee496f127,c1c6a039-1c41-45bc-beb3-4bbd667fe154.jpeg,07225f0f-140b-4202-92bc-b2f8d7afed1d,0ec42676-f8e7-4f83-9703-a63e5ba1b5df.jpeg,f25af14a-318f-4123-aac8-d6db43a3737f,5cdf170c-fc65-4357-9752-f01ac7856880.jpeg,1,Light patchy burn pattern,,,,,1,4.37,1,0,86,0,0,2,7,5,0,100,1,88,5,3,5,60,1,3.0,Abigail
86,52_pre_ind_burn3d,16,458,Live,Live,,False,23.0,,,,,,,,,,burn3d,Burnpro3d,ind,Independence Lake (IND),pre,Prefire,52,,2024-08-15,11:47,732629,4370927,26910,"12,98 east",11.3,3.0,49.0,True,454.0,,,,,77,8.7,d48090b7-bf87-4a99-ae39-2d6227465e87,fa4bfb0a-bbda-47f2-b904-7ddbb164c2e3.jpeg,46f33def-bc64-407d-89bd-6bdee496f127,c1c6a039-1c41-45bc-beb3-4bbd667fe154.jpeg,07225f0f-140b-4202-92bc-b2f8d7afed1d,0ec42676-f8e7-4f83-9703-a63e5ba1b5df.jpeg,f25af14a-318f-4123-aac8-d6db43a3737f,5cdf170c-fc65-4357-9752-f01ac7856880.jpeg,1,Light patchy burn pattern,,,,,1,4.37,1,0,86,0,0,2,7,5,0,100,1,88,5,3,5,60,1,3.0,Abigail
87,52_pre_ind_burn3d,17,459,Live,Live,,False,23.0,,,,,,,,,,burn3d,Burnpro3d,ind,Independence Lake (IND),pre,Prefire,52,,2024-08-15,11:47,732629,4370927,26910,"12,98 east",11.3,3.0,49.0,True,454.0,,,,,77,8.7,d48090b7-bf87-4a99-ae39-2d6227465e87,fa4bfb0a-bbda-47f2-b904-7ddbb164c2e3.jpeg,46f33def-bc64-407d-89bd-6bdee496f127,c1c6a039-1c41-45bc-beb3-4bbd667fe154.jpeg,07225f0f-140b-4202-92bc-b2f8d7afed1d,0ec42676-f8e7-4f83-9703-a63e5ba1b5df.jpeg,f25af14a-318f-4123-aac8-d6db43a3737f,5cdf170c-fc65-4357-9752-f01ac7856880.jpeg,1,Light patchy burn pattern,,,,,1,4.37,1,0,86,0,0,2,7,5,0,100,1,88,5,3,5,60,1,3.0,Abigail
88,52_pre_ind_burn3d,18,L,Dead,Dead,,False,13.0,,1.0,"1. All limbs and branches presents. Top pointed. 100% of bark remaining. Intact Sapwood presence and sound, incipient decay, hard, original color. Heartwood sound, hard, origonal color.",,,,,,,burn3d,Burnpro3d,ind,Independence Lake (IND),pre,Prefire,52,,2024-08-15,11:47,732629,4370927,26910,"12,98 east",11.3,3.0,49.0,True,454.0,,,,,77,8.7,d48090b7-bf87-4a99-ae39-2d6227465e87,fa4bfb0a-bbda-47f2-b904-7ddbb164c2e3.jpeg,46f33def-bc64-407d-89bd-6bdee496f127,c1c6a039-1c41-45bc-beb3-4bbd667fe154.jpeg,07225f0f-140b-4202-92bc-b2f8d7afed1d,0ec42676-f8e7-4f83-9703-a63e5ba1b5df.jpeg,f25af14a-318f-4123-aac8-d6db43a3737f,5cdf170c-fc65-4357-9752-f01ac7856880.jpeg,1,Light patchy burn pattern,,,,,1,4.37,1,0,86,0,0,2,7,5,0,100,1,88,5,3,5,60,1,3.0,Abigail
89,52_pre_ind_burn3d,19,M,Dead,Dead,,False,10.0,,1.0,"1. All limbs and branches presents. Top pointed. 100% of bark remaining. Intact Sapwood presence and sound, incipient decay, hard, original color. Heartwood sound, hard, origonal color.",,,,,,,burn3d,Burnpro3d,ind,Independence Lake (IND),pre,Prefire,52,,2024-08-15,11:47,732629,4370927,26910,"12,98 east",11.3,3.0,49.0,True,454.0,,,,,77,8.7,d48090b7-bf87-4a99-ae39-2d6227465e87,fa4bfb0a-bbda-47f2-b904-7ddbb164c2e3.jpeg,46f33def-bc64-407d-89bd-6bdee496f127,c1c6a039-1c41-45bc-beb3-4bbd667fe154.jpeg,07225f0f-140b-4202-92bc-b2f8d7afed1d,0ec42676-f8e7-4f83-9703-a63e5ba1b5df.jpeg,f25af14a-318f-4123-aac8-d6db43a3737f,5cdf170c-fc65-4357-9752-f01ac7856880.jpeg,1,Light patchy burn pattern,,,,,1,4.37,1,0,86,0,0,2,7,5,0,100,1,88,5,3,5,60,1,3.0,Abigail
91,60_pre_ind_burn3d,2,439,Live,Live,,True,23.0,,,,0.0,0.0,0.0,0.0,0.3,,burn3d,Burnpro3d,ind,Independence Lake (IND),pre,Prefire,60,,2024-08-15,10:20,732620,4371068,26910,"12,98 east",11.3,22.0,132.0,True,438.0,,,,,146,7.0,cfc9d228-1039-4b7b-a63f-d51980b746f4,4147a920-87f5-4929-b2fb-ffa9942f23b3.jpeg,87cdeb01-26d6-4c1f-9230-b02656c07a3f,acce9bbe-2c26-4cd2-a4a1-5527fada9636.jpeg,91e01ca3-2fe0-4cf1-85f5-df25274e0eae,18d5499e-c166-4a9d-86dd-3fb391360516.jpeg,5c34e1f5-714f-42bd-b9d9-f1b4183c0efb,519669bd-98dc-49a4-99e7-26503e4b97d8.jpeg,1,Light patchy burn pattern,,,,,1,4.37,1,6,65,0,0,25,3,1,0,100,1,35,25,0,0,10,1,3.0,Abigail
92,52_pre_ind_burn3d,21,O,Dead,Dead,,False,23.0,,1.0,"1. All limbs and branches presents. Top pointed. 100% of bark remaining. Intact Sapwood presence and sound, incipient decay, hard, original color. Heartwood sound, hard, origonal color.",,,,,,,burn3d,Burnpro3d,ind,Independence Lake (IND),pre,Prefire,52,,2024-08-15,11:47,732629,4370927,26910,"12,98 east",11.3,3.0,49.0,True,454.0,,,,,77,8.7,d48090b7-bf87-4a99-ae39-2d6227465e87,fa4bfb0a-bbda-47f2-b904-7ddbb164c2e3.jpeg,46f33def-bc64-407d-89bd-6bdee496f127,c1c6a039-1c41-45bc-beb3-4bbd667fe154.jpeg,07225f0f-140b-4202-92bc-b2f8d7afed1d,0ec42676-f8e7-4f83-9703-a63e5ba1b5df.jpeg,f25af14a-318f-4123-aac8-d6db43a3737f,5cdf170c-fc65-4357-9752-f01ac7856880.jpeg,1,Light patchy burn pattern,,,,,1,4.37,1,0,86,0,0,2,7,5,0,100,1,88,5,3,5,60,1,3.0,Abigail
95,52_pre_ind_burn3d,24,R,Dead,Dead,,False,25.0,,1.0,"1. All limbs and branches presents. Top pointed. 100% of bark remaining. Intact Sapwood presence and sound, incipient decay, hard, original color. Heartwood sound, hard, origonal color.",,,,,,,burn3d,Burnpro3d,ind,Independence Lake (IND),pre,Prefire,52,,2024-08-15,11:47,732629,4370927,26910,"12,98 east",11.3,3.0,49.0,True,454.0,,,,,77,8.7,d48090b7-bf87-4a99-ae39-2d6227465e87,fa4bfb0a-bbda-47f2-b904-7ddbb164c2e3.jpeg,46f33def-bc64-407d-89bd-6bdee496f127,c1c6a039-1c41-45bc-beb3-4bbd667fe154.jpeg,07225f0f-140b-4202-92bc-b2f8d7afed1d,0ec42676-f8e7-4f83-9703-a63e5ba1b5df.jpeg,f25af14a-318f-4123-aac8-d6db43a3737f,5cdf170c-fc65-4357-9752-f01ac7856880.jpeg,1,Light patchy burn pattern,,,,,1,4.37,1,0,86,0,0,2,7,5,0,100,1,88,5,3,5,60,1,3.0,Abigail
96,52_pre_ind_burn3d,25,S,Dead,Dead,,False,21.0,,1.0,"1. All limbs and branches presents. Top pointed. 100% of bark remaining. Intact Sapwood presence and sound, incipient decay, hard, original color. Heartwood sound, hard, origonal color.",,,,,,,burn3d,Burnpro3d,ind,Independence Lake (IND),pre,Prefire,52,,2024-08-15,11:47,732629,4370927,26910,"12,98 east",11.3,3.0,49.0,True,454.0,,,,,77,8.7,d48090b7-bf87-4a99-ae39-2d6227465e87,fa4bfb0a-bbda-47f2-b904-7ddbb164c2e3.jpeg,46f33def-bc64-407d-89bd-6bdee496f127,c1c6a039-1c41-45bc-beb3-4bbd667fe154.jpeg,07225f0f-140b-4202-92bc-b2f8d7afed1d,0ec42676-f8e7-4f83-9703-a63e5ba1b5df.jpeg,f25af14a-318f-4123-aac8-d6db43a3737f,5cdf170c-fc65-4357-9752-f01ac7856880.jpeg,1,Light patchy burn pattern,,,,,1,4.37,1,0,86,0,0,2,7,5,0,100,1,88,5,3,5,60,1,3.0,Abigail
97,52_pre_ind_burn3d,26,T,Dead,Dead,,False,25.0,,1.0,"1. All limbs and branches presents. Top pointed. 100% of bark remaining. Intact Sapwood presence and sound, incipient decay, hard, original color. Heartwood sound, hard, origonal color.",,,,,,,burn3d,Burnpro3d,ind,Independence Lake (IND),pre,Prefire,52,,2024-08-15,11:47,732629,4370927,26910,"12,98 east",11.3,3.0,49.0,True,454.0,,,,,77,8.7,d48090b7-bf87-4a99-ae39-2d6227465e87,fa4bfb0a-bbda-47f2-b904-7ddbb164c2e3.jpeg,46f33def-bc64-407d-89bd-6bdee496f127,c1c6a039-1c41-45bc-beb3-4bbd667fe154.jpeg,07225f0f-140b-4202-92bc-b2f8d7afed1d,0ec42676-f8e7-4f83-9703-a63e5ba1b5df.jpeg,f25af14a-318f-4123-aac8-d6db43a3737f,5cdf170c-fc65-4357-9752-f01ac7856880.jpeg,1,Light patchy burn pattern,,,,,1,4.37,1,0,86,0,0,2,7,5,0,100,1,88,5,3,5,60,1,3.0,Abigail
98,52_pre_ind_burn3d,27,U,Dead,Dead,,True,24.0,,1.0,"1. All limbs and branches presents. Top pointed. 100% of bark remaining. Intact Sapwood presence and sound, incipient decay, hard, original color. Heartwood sound, hard, origonal color.",0.0,0.0,0.0,0.0,3.0,,burn3d,Burnpro3d,ind,Independence Lake (IND),pre,Prefire,52,,2024-08-15,11:47,732629,4370927,26910,"12,98 east",11.3,3.0,49.0,True,454.0,,,,,77,8.7,d48090b7-bf87-4a99-ae39-2d6227465e87,fa4bfb0a-bbda-47f2-b904-7ddbb164c2e3.jpeg,46f33def-bc64-407d-89bd-6bdee496f127,c1c6a039-1c41-45bc-beb3-4bbd667fe154.jpeg,07225f0f-140b-4202-92bc-b2f8d7afed1d,0ec42676-f8e7-4f83-9703-a63e5ba1b5df.jpeg,f25af14a-318f-4123-aac8-d6db43a3737f,5cdf170c-fc65-4357-9752-f01ac7856880.jpeg,1,Light patchy burn pattern,,,,,1,4.37,1,0,86,0,0,2,7,5,0,100,1,88,5,3,5,60,1,3.0,Abigail
99,52_pre_ind_burn3d,28,V,Dead,Dead,,True,17.0,,1.0,"1. All limbs and branches presents. Top pointed. 100% of bark remaining. Intact Sapwood presence and sound, incipient decay, hard, original color. Heartwood sound, hard, origonal color.",0.0,0.0,0.0,0.0,2.0,,burn3d,Burnpro3d,ind,Independence Lake (IND),pre,Prefire,52,,2024-08-15,11:47,732629,4370927,26910,"12,98 east",11.3,3.0,49.0,True,454.0,,,,,77,8.7,d48090b7-bf87-4a99-ae39-2d6227465e87,fa4bfb0a-bbda-47f2-b904-7ddbb164c2e3.jpeg,46f33def-bc64-407d-89bd-6bdee496f127,c1c6a039-1c41-45bc-beb3-4bbd667fe154.jpeg,07225f0f-140b-4202-92bc-b2f8d7afed1d,0ec42676-f8e7-4f83-9703-a63e5ba1b5df.jpeg,f25af14a-318f-4123-aac8-d6db43a3737f,5cdf170c-fc65-4357-9752-f01ac7856880.jpeg,1,Light patchy burn pattern,,,,,1,4.37,1,0,86,0,0,2,7,5,0,100,1,88,5,3,5,60,1,3.0,Abigail
100,52_pre_ind_burn3d,29,W,Dead,Dead,,True,4.0,,1.0,"1. All limbs and branches presents. Top pointed. 100% of bark remaining. Intact Sapwood presence and sound, incipient decay, hard, original color. Heartwood sound, hard, origonal color.",0.0,0.0,0.0,0.0,2.0,,burn3d,Burnpro3d,ind,Independence Lake (IND),pre,Prefire,52,,2024-08-15,11:47,732629,4370927,26910,"12,98 east",11.3,3.0,49.0,True,454.0,,,,,77,8.7,d48090b7-bf87-4a99-ae39-2d6227465e87,fa4bfb0a-bbda-47f2-b904-7ddbb164c2e3.jpeg,46f33def-bc64-407d-89bd-6bdee496f127,c1c6a039-1c41-45bc-beb3-4bbd667fe154.jpeg,07225f0f-140b-4202-92bc-b2f8d7afed1d,0ec42676-f8e7-4f83-9703-a63e5ba1b5df.jpeg,f25af14a-318f-4123-aac8-d6db43a3737f,5cdf170c-fc65-4357-9752-f01ac7856880.jpeg,1,Light patchy burn pattern,,,,,1,4.37,1,0,86,0,0,2,7,5,0,100,1,88,5,3,5,60,1,3.0,Abigail
101,52_pre_ind_burn3d,30,X,Dead,Dead,,False,18.0,,1.0,"1. All limbs and branches presents. Top pointed. 100% of bark remaining. Intact Sapwood presence and sound, incipient decay, hard, original color. Heartwood sound, hard, origonal color.",,,,,,,burn3d,Burnpro3d,ind,Independence Lake (IND),pre,Prefire,52,,2024-08-15,11:47,732629,4370927,26910,"12,98 east",11.3,3.0,49.0,True,454.0,,,,,77,8.7,d48090b7-bf87-4a99-ae39-2d6227465e87,fa4bfb0a-bbda-47f2-b904-7ddbb164c2e3.jpeg,46f33def-bc64-407d-89bd-6bdee496f127,c1c6a039-1c41-45bc-beb3-4bbd667fe154.jpeg,07225f0f-140b-4202-92bc-b2f8d7afed1d,0ec42676-f8e7-4f83-9703-a63e5ba1b5df.jpeg,f25af14a-318f-4123-aac8-d6db43a3737f,5cdf170c-fc65-4357-9752-f01ac7856880.jpeg,1,Light patchy burn pattern,,,,,1,4.37,1,0,86,0,0,2,7,5,0,100,1,88,5,3,5,60,1,3.0,Abigail
102,52_pre_ind_burn3d,31,Y,Dead,Dead,,False,21.0,,1.0,"1. All limbs and branches presents. Top pointed. 100% of bark remaining. Intact Sapwood presence and sound, incipient decay, hard, original color. Heartwood sound, hard, origonal color.",,,,,,,burn3d,Burnpro3d,ind,Independence Lake (IND),pre,Prefire,52,,2024-08-15,11:47,732629,4370927,26910,"12,98 east",11.3,3.0,49.0,True,454.0,,,,,77,8.7,d48090b7-bf87-4a99-ae39-2d6227465e87,fa4bfb0a-bbda-47f2-b904-7ddbb164c2e3.jpeg,46f33def-bc64-407d-89bd-6bdee496f127,c1c6a039-1c41-45bc-beb3-4bbd667fe154.jpeg,07225f0f-140b-4202-92bc-b2f8d7afed1d,0ec42676-f8e7-4f83-9703-a63e5ba1b5df.jpeg,f25af14a-318f-4123-aac8-d6db43a3737f,5cdf170c-fc65-4357-9752-f01ac7856880.jpeg,1,Light patchy burn pattern,,,,,1,4.37,1,0,86,0,0,2,7,5,0,100,1,88,5,3,5,60,1,3.0,Abigail
103,52_pre_ind_burn3d,32,Z,Dead,Dead,,False,20.0,,1.0,"1. All limbs and branches presents. Top pointed. 100% of bark remaining. Intact Sapwood presence and sound, incipient decay, hard, original color. Heartwood sound, hard, origonal color.",,,,,,,burn3d,Burnpro3d,ind,Independence Lake (IND),pre,Prefire,52,,2024-08-15,11:47,732629,4370927,26910,"12,98 east",11.3,3.0,49.0,True,454.0,,,,,77,8.7,d48090b7-bf87-4a99-ae39-2d6227465e87,fa4bfb0a-bbda-47f2-b904-7ddbb164c2e3.jpeg,46f33def-bc64-407d-89bd-6bdee496f127,c1c6a039-1c41-45bc-beb3-4bbd667fe154.jpeg,07225f0f-140b-4202-92bc-b2f8d7afed1d,0ec42676-f8e7-4f83-9703-a63e5ba1b5df.jpeg,f25af14a-318f-4123-aac8-d6db43a3737f,5cdf170c-fc65-4357-9752-f01ac7856880.jpeg,1,Light patchy burn pattern,,,,,1,4.37,1,0,86,0,0,2,7,5,0,100,1,88,5,3,5,60,1,3.0,Abigail
104,52_pre_ind_burn3d,33,Aa,Dead,Dead,,False,13.0,,1.0,"1. All limbs and branches presents. Top pointed. 100% of bark remaining. Intact Sapwood presence and sound, incipient decay, hard, original color. Heartwood sound, hard, origonal color.",,,,,,,burn3d,Burnpro3d,ind,Independence Lake (IND),pre,Prefire,52,,2024-08-15,11:47,732629,4370927,26910,"12,98 east",11.3,3.0,49.0,True,454.0,,,,,77,8.7,d48090b7-bf87-4a99-ae39-2d6227465e87,fa4bfb0a-bbda-47f2-b904-7ddbb164c2e3.jpeg,46f33def-bc64-407d-89bd-6bdee496f127,c1c6a039-1c41-45bc-beb3-4bbd667fe154.jpeg,07225f0f-140b-4202-92bc-b2f8d7afed1d,0ec42676-f8e7-4f83-9703-a63e5ba1b5df.jpeg,f25af14a-318f-4123-aac8-d6db43a3737f,5cdf170c-fc65-4357-9752-f01ac7856880.jpeg,1,Light patchy burn pattern,,,,,1,4.37,1,0,86,0,0,2,7,5,0,100,1,88,5,3,5,60,1,3.0,Abigail
105,52_pre_ind_burn3d,34,Ab,Dead,Dead,,False,5.0,,1.0,"1. All limbs and branches presents. Top pointed. 100% of bark remaining. Intact Sapwood presence and sound, incipient decay, hard, original color. Heartwood sound, hard, origonal color.",,,,,,,burn3d,Burnpro3d,ind,Independence Lake (IND),pre,Prefire,52,,2024-08-15,11:47,732629,4370927,26910,"12,98 east",11.3,3.0,49.0,True,454.0,,,,,77,8.7,d48090b7-bf87-4a99-ae39-2d6227465e87,fa4bfb0a-bbda-47f2-b904-7ddbb164c2e3.jpeg,46f33def-bc64-407d-89bd-6bdee496f127,c1c6a039-1c41-45bc-beb3-4bbd667fe154.jpeg,07225f0f-140b-4202-92bc-b2f8d7afed1d,0ec42676-f8e7-4f83-9703-a63e5ba1b5df.jpeg,f25af14a-318f-4123-aac8-d6db43a3737f,5cdf170c-fc65-4357-9752-f01ac7856880.jpeg,1,Light patchy burn pattern,,,,,1,4.37,1,0,86,0,0,2,7,5,0,100,1,88,5,3,5,60,1,3.0,Abigail
106,52_pre_ind_burn3d,35,Ac,Dead,Dead,,False,24.0,,1.0,"1. All limbs and branches presents. Top pointed. 100% of bark remaining. Intact Sapwood presence and sound, incipient decay, hard, original color. Heartwood sound, hard, origonal color.",,,,,,,burn3d,Burnpro3d,ind,Independence Lake (IND),pre,Prefire,52,,2024-08-15,11:47,732629,4370927,26910,"12,98 east",11.3,3.0,49.0,True,454.0,,,,,77,8.7,d48090b7-bf87-4a99-ae39-2d6227465e87,fa4bfb0a-bbda-47f2-b904-7ddbb164c2e3.jpeg,46f33def-bc64-407d-89bd-6bdee496f127,c1c6a039-1c41-45bc-beb3-4bbd667fe154.jpeg,07225f0f-140b-4202-92bc-b2f8d7afed1d,0ec42676-f8e7-4f83-9703-a63e5ba1b5df.jpeg,f25af14a-318f-4123-aac8-d6db43a3737f,5cdf170c-fc65-4357-9752-f01ac7856880.jpeg,1,Light patchy burn pattern,,,,,1,4.37,1,0,86,0,0,2,7,5,0,100,1,88,5,3,5,60,1,3.0,Abigail
107,52_pre_ind_burn3d,36,Ad,Dead,Dead,,False,26.0,,1.0,"1. All limbs and branches presents. Top pointed. 100% of bark remaining. Intact Sapwood presence and sound, incipient decay, hard, original color. Heartwood sound, hard, origonal color.",,,,,,,burn3d,Burnpro3d,ind,Independence Lake (IND),pre,Prefire,52,,2024-08-15,11:47,732629,4370927,26910,"12,98 east",11.3,3.0,49.0,True,454.0,,,,,77,8.7,d48090b7-bf87-4a99-ae39-2d6227465e87,fa4bfb0a-bbda-47f2-b904-7ddbb164c2e3.jpeg,46f33def-bc64-407d-89bd-6bdee496f127,c1c6a039-1c41-45bc-beb3-4bbd667fe154.jpeg,07225f0f-140b-4202-92bc-b2f8d7afed1d,0ec42676-f8e7-4f83-9703-a63e5ba1b5df.jpeg,f25af14a-318f-4123-aac8-d6db43a3737f,5cdf170c-fc65-4357-9752-f01ac7856880.jpeg,1,Light patchy burn pattern,,,,,1,4.37,1,0,86,0,0,2,7,5,0,100,1,88,5,3,5,60,1,3.0,Abigail
110,52_pre_ind_burn3d,39,Ag,Dead,Dead,,True,24.0,,1.0,"1. All limbs and branches presents. Top pointed. 100% of bark remaining. Intact Sapwood presence and sound, incipient decay, hard, original color. Heartwood sound, hard, origonal color.",0.0,0.0,0.0,0.0,1.5,,burn3d,Burnpro3d,ind,Independence Lake (IND),pre,Prefire,52,,2024-08-15,11:47,732629,4370927,26910,"12,98 east",11.3,3.0,49.0,True,454.0,,,,,77,8.7,d48090b7-bf87-4a99-ae39-2d6227465e87,fa4bfb0a-bbda-47f2-b904-7ddbb164c2e3.jpeg,46f33def-bc64-407d-89bd-6bdee496f127,c1c6a039-1c41-45bc-beb3-4bbd667fe154.jpeg,07225f0f-140b-4202-92bc-b2f8d7afed1d,0ec42676-f8e7-4f83-9703-a63e5ba1b5df.jpeg,f25af14a-318f-4123-aac8-d6db43a3737f,5cdf170c-fc65-4357-9752-f01ac7856880.jpeg,1,Light patchy burn pattern,,,,,1,4.37,1,0,86,0,0,2,7,5,0,100,1,88,5,3,5,60,1,3.0,Abigail
111,52_pre_ind_burn3d,40,Ah,Dead,Dead,,False,4.0,,1.0,"1. All limbs and branches presents. Top pointed. 100% of bark remaining. Intact Sapwood presence and sound, incipient decay, hard, original color. Heartwood sound, hard, origonal color.",,,,,,,burn3d,Burnpro3d,ind,Independence Lake (IND),pre,Prefire,52,,2024-08-15,11:47,732629,4370927,26910,"12,98 east",11.3,3.0,49.0,True,454.0,,,,,77,8.7,d48090b7-bf87-4a99-ae39-2d6227465e87,fa4bfb0a-bbda-47f2-b904-7ddbb164c2e3.jpeg,46f33def-bc64-407d-89bd-6bdee496f127,c1c6a039-1c41-45bc-beb3-4bbd667fe154.jpeg,07225f0f-140b-4202-92bc-b2f8d7afed1d,0ec42676-f8e7-4f83-9703-a63e5ba1b5df.jpeg,f25af14a-318f-4123-aac8-d6db43a3737f,5cdf170c-fc65-4357-9752-f01ac7856880.jpeg,1,Light patchy burn pattern,,,,,1,4.37,1,0,86,0,0,2,7,5,0,100,1,88,5,3,5,60,1,3.0,Abigail
112,66_pre_ind_burn3d,1,449,Live,Live,,False,15.0,,,,,,,,,,burn3d,Burnpro3d,ind,Independence Lake (IND),pre,Prefire,66,,2024-08-15,12:37,732926,4371048,26910,"12,98 east",11.3,2.0,229.0,True,449.0,,,,,43,5.4,cb4a3bf0-a3c3-459b-a8d0-2233d61feecd,dd5f9c41-2854-4d30-a471-ef3865f87005.jpeg,fde449a3-6f47-409f-945b-222df12f05fa,cf6fbac4-fc3d-4406-ad73-5f824ffb08b6.jpeg,fc72d69b-2f23-4e59-9268-0e58f337cf88,c244c95c-e130-4402-a61b-4756fb616743.jpeg,909e1c26-5457-4971-9c0d-e90324c03b05,4cdeac49-6f0f-43bb-a51e-f737682a5765.jpeg,0,Unburned,,,,,1,4.37,1,15,84,0,0,0,0,1,0,100,1,15,12,0,0,3,1,3.0,Abigail
114,66_pre_ind_burn3d,3,451,Live,Live,,False,16.3,,,,,,,,,,burn3d,Burnpro3d,ind,Independence Lake (IND),pre,Prefire,66,,2024-08-15,12:37,732926,4371048,26910,"12,98 east",11.3,2.0,229.0,True,449.0,,,,,43,5.4,cb4a3bf0-a3c3-459b-a8d0-2233d61feecd,dd5f9c41-2854-4d30-a471-ef3865f87005.jpeg,fde449a3-6f47-409f-945b-222df12f05fa,cf6fbac4-fc3d-4406-ad73-5f824ffb08b6.jpeg,fc72d69b-2f23-4e59-9268-0e58f337cf88,c244c95c-e130-4402-a61b-4756fb616743.jpeg,909e1c26-5457-4971-9c0d-e90324c03b05,4cdeac49-6f0f-43bb-a51e-f737682a5765.jpeg,0,Unburned,,,,,1,4.37,1,15,84,0,0,0,0,1,0,100,1,15,12,0,0,3,1,3.0,Abigail
115,66_pre_ind_burn3d,4,452,Live,Live,,False,20.0,,,,,,,,,,burn3d,Burnpro3d,ind,Independence Lake (IND),pre,Prefire,66,,2024-08-15,12:37,732926,4371048,26910,"12,98 east",11.3,2.0,229.0,True,449.0,,,,,43,5.4,cb4a3bf0-a3c3-459b-a8d0-2233d61feecd,dd5f9c41-2854-4d30-a471-ef3865f87005.jpeg,fde449a3-6f47-409f-945b-222df12f05fa,cf6fbac4-fc3d-4406-ad73-5f824ffb08b6.jpeg,fc72d69b-2f23-4e59-9268-0e58f337cf88,c244c95c-e130-4402-a61b-4756fb616743.jpeg,909e1c26-5457-4971-9c0d-e90324c03b05,4cdeac49-6f0f-43bb-a51e-f737682a5765.jpeg,0,Unburned,,,,,1,4.37,1,15,84,0,0,0,0,1,0,100,1,15,12,0,0,3,1,3.0,Abigail
117,60_pre_ind_burn3d,1,438,Live,Live,,False,9.0,,,,,,,,,,burn3d,Burnpro3d,ind,Independence Lake (IND),pre,Prefire,60,,2024-08-15,10:20,732620,4371068,26910,"12,98 east",11.3,22.0,132.0,True,438.0,,,,,146,7.0,cfc9d228-1039-4b7b-a63f-d51980b746f4,4147a920-87f5-4929-b2fb-ffa9942f23b3.jpeg,87cdeb01-26d6-4c1f-9230-b02656c07a3f,acce9bbe-2c26-4cd2-a4a1-5527fada9636.jpeg,91e01ca3-2fe0-4cf1-85f5-df25274e0eae,18d5499e-c166-4a9d-86dd-3fb391360516.jpeg,5c34e1f5-714f-42bd-b9d9-f1b4183c0efb,519669bd-98dc-49a4-99e7-26503e4b97d8.jpeg,1,Light patchy burn pattern,,,,,1,4.37,1,6,65,0,0,25,3,1,0,100,1,35,25,0,0,10,1,3.0,Abigail
118,60_pre_ind_burn3d,3,440,Live,Live,,True,17.0,,,,0.0,0.0,0.0,0.0,0.1,,burn3d,Burnpro3d,ind,Independence Lake (IND),pre,Prefire,60,,2024-08-15,10:20,732620,4371068,26910,"12,98 east",11.3,22.0,132.0,True,438.0,,,,,146,7.0,cfc9d228-1039-4b7b-a63f-d51980b746f4,4147a920-87f5-4929-b2fb-ffa9942f23b3.jpeg,87cdeb01-26d6-4c1f-9230-b02656c07a3f,acce9bbe-2c26-4cd2-a4a1-5527fada9636.jpeg,91e01ca3-2fe0-4cf1-85f5-df25274e0eae,18d5499e-c166-4a9d-86dd-3fb391360516.jpeg,5c34e1f5-714f-42bd-b9d9-f1b4183c0efb,519669bd-98dc-49a4-99e7-26503e4b97d8.jpeg,1,Light patchy burn pattern,,,,,1,4.37,1,6,65,0,0,25,3,1,0,100,1,35,25,0,0,10,1,3.0,Abigail
120,60_pre_ind_burn3d,5,442,Live,Live,,True,27.0,,,,0.0,0.0,0.0,0.0,0.2,,burn3d,Burnpro3d,ind,Independence Lake (IND),pre,Prefire,60,,2024-08-15,10:20,732620,4371068,26910,"12,98 east",11.3,22.0,132.0,True,438.0,,,,,146,7.0,cfc9d228-1039-4b7b-a63f-d51980b746f4,4147a920-87f5-4929-b2fb-ffa9942f23b3.jpeg,87cdeb01-26d6-4c1f-9230-b02656c07a3f,acce9bbe-2c26-4cd2-a4a1-5527fada9636.jpeg,91e01ca3-2fe0-4cf1-85f5-df25274e0eae,18d5499e-c166-4a9d-86dd-3fb391360516.jpeg,5c34e1f5-714f-42bd-b9d9-f1b4183c0efb,519669bd-98dc-49a4-99e7-26503e4b97d8.jpeg,1,Light patchy burn pattern,,,,,1,4.37,1,6,65,0,0,25,3,1,0,100,1,35,25,0,0,10,1,3.0,Abigail
121,60_pre_ind_burn3d,6,443,Live,Live,,True,28.0,,,,0.0,0.0,0.0,0.0,1.6,,burn3d,Burnpro3d,ind,Independence Lake (IND),pre,Prefire,60,,2024-08-15,10:20,732620,4371068,26910,"12,98 east",11.3,22.0,132.0,True,438.0,,,,,146,7.0,cfc9d228-1039-4b7b-a63f-d51980b746f4,4147a920-87f5-4929-b2fb-ffa9942f23b3.jpeg,87cdeb01-26d6-4c1f-9230-b02656c07a3f,acce9bbe-2c26-4cd2-a4a1-5527fada9636.jpeg,91e01ca3-2fe0-4cf1-85f5-df25274e0eae,18d5499e-c166-4a9d-86dd-3fb391360516.jpeg,5c34e1f5-714f-42bd-b9d9-f1b4183c0efb,519669bd-98dc-49a4-99e7-26503e4b97d8.jpeg,1,Light patchy burn pattern,,,,,1,4.37,1,6,65,0,0,25,3,1,0,100,1,35,25,0,0,10,1,3.0,Abigail
122,60_pre_ind_burn3d,7,444,Live,Live,,True,18.0,,,,0.0,0.0,0.0,0.0,2.0,,burn3d,Burnpro3d,ind,Independence Lake (IND),pre,Prefire,60,,2024-08-15,10:20,732620,4371068,26910,"12,98 east",11.3,22.0,132.0,True,438.0,,,,,146,7.0,cfc9d228-1039-4b7b-a63f-d51980b746f4,4147a920-87f5-4929-b2fb-ffa9942f23b3.jpeg,87cdeb01-26d6-4c1f-9230-b02656c07a3f,acce9bbe-2c26-4cd2-a4a1-5527fada9636.jpeg,91e01ca3-2fe0-4cf1-85f5-df25274e0eae,18d5499e-c166-4a9d-86dd-3fb391360516.jpeg,5c34e1f5-714f-42bd-b9d9-f1b4183c0efb,519669bd-98dc-49a4-99e7-26503e4b97d8.jpeg,1,Light patchy burn pattern,,,,,1,4.37,1,6,65,0,0,25,3,1,0,100,1,35,25,0,0,10,1,3.0,Abigail
123,60_pre_ind_burn3d,8,445,Live,Live,,True,24.0,,,,0.0,0.0,0.0,0.0,0.8,,burn3d,Burnpro3d,ind,Independence Lake (IND),pre,Prefire,60,,2024-08-15,10:20,732620,4371068,26910,"12,98 east",11.3,22.0,132.0,True,438.0,,,,,146,7.0,cfc9d228-1039-4b7b-a63f-d51980b746f4,4147a920-87f5-4929-b2fb-ffa9942f23b3.jpeg,87cdeb01-26d6-4c1f-9230-b02656c07a3f,acce9bbe-2c26-4cd2-a4a1-5527fada9636.jpeg,91e01ca3-2fe0-4cf1-85f5-df25274e0eae,18d5499e-c166-4a9d-86dd-3fb391360516.jpeg,5c34e1f5-714f-42bd-b9d9-f1b4183c0efb,519669bd-98dc-49a4-99e7-26503e4b97d8.jpeg,1,Light patchy burn pattern,,,,,1,4.37,1,6,65,0,0,25,3,1,0,100,1,35,25,0,0,10,1,3.0,Abigail
125,60_pre_ind_burn3d,10,447,Live,Live,,True,22.0,,,,0.0,0.0,0.0,0.0,2.5,,burn3d,Burnpro3d,ind,Independence Lake (IND),pre,Prefire,60,,2024-08-15,10:20,732620,4371068,26910,"12,98 east",11.3,22.0,132.0,True,438.0,,,,,146,7.0,cfc9d228-1039-4b7b-a63f-d51980b746f4,4147a920-87f5-4929-b2fb-ffa9942f23b3.jpeg,87cdeb01-26d6-4c1f-9230-b02656c07a3f,acce9bbe-2c26-4cd2-a4a1-5527fada9636.jpeg,91e01ca3-2fe0-4cf1-85f5-df25274e0eae,18d5499e-c166-4a9d-86dd-3fb391360516.jpeg,5c34e1f5-714f-42bd-b9d9-f1b4183c0efb,519669bd-98dc-49a4-99e7-26503e4b97d8.jpeg,1,Light patchy burn pattern,,,,,1,4.37,1,6,65,0,0,25,3,1,0,100,1,35,25,0,0,10,1,3.0,Abigail
127,45_pre_ind_burn3d,1,427,Live,Live,,True,9.0,,,,0.0,0.0,0.0,0.0,0.2,,burn3d,Burnpro3d,ind,Independence Lake (IND),pre,Prefire,45,,2024-08-15,07:43,732777,4371061,26910,"12,98 east",11.3,4.0,287.0,True,427.0,,,,,27,4.3,99607665-bd3d-4862-9ade-be4e47ce8fab,0836115b-b03b-44ac-a238-3b722fde8c0f.jpeg,c47f97f1-1904-41f3-9da1-e6844dc8d19b,ac294a0d-9eea-4c65-bfbd-a8cb4937a914.jpeg,86fb6470-efb3-4866-ac26-15aa5a91b211,5f961faf-c0e6-4cb4-b4eb-d1053d6ec690.jpeg,9d511e25-8bed-410e-bcd8-1a400ab60c33,fc55c499-f5ee-483d-83d2-7d99f44545fe.jpeg,1,Light patchy burn pattern,,,,,1,4.37,1,5,86,0,0,3,5,1,0,100,1,55,30,15,2,8,1,3.0,Abigail
128,45_pre_ind_burn3d,2,A,Dead,Dead,,False,8.0,,1.0,"1. All limbs and branches presents. Top pointed. 100% of bark remaining. Intact Sapwood presence and sound, incipient decay, hard, original color. Heartwood sound, hard, origonal color.",,,,,,,burn3d,Burnpro3d,ind,Independence Lake (IND),pre,Prefire,45,,2024-08-15,07:43,732777,4371061,26910,"12,98 east",11.3,4.0,287.0,True,427.0,,,,,27,4.3,99607665-bd3d-4862-9ade-be4e47ce8fab,0836115b-b03b-44ac-a238-3b722fde8c0f.jpeg,c47f97f1-1904-41f3-9da1-e6844dc8d19b,ac294a0d-9eea-4c65-bfbd-a8cb4937a914.jpeg,86fb6470-efb3-4866-ac26-15aa5a91b211,5f961faf-c0e6-4cb4-b4eb-d1053d6ec690.jpeg,9d511e25-8bed-410e-bcd8-1a400ab60c33,fc55c499-f5ee-483d-83d2-7d99f44545fe.jpeg,1,Light patchy burn pattern,,,,,1,4.37,1,5,86,0,0,3,5,1,0,100,1,55,30,15,2,8,1,3.0,Abigail
129,45_pre_ind_burn3d,3,B,Dead,Dead,,False,14.0,,1.0,"1. All limbs and branches presents. Top pointed. 100% of bark remaining. Intact Sapwood presence and sound, incipient decay, hard, original color. Heartwood sound, hard, origonal color.",,,,,,,burn3d,Burnpro3d,ind,Independence Lake (IND),pre,Prefire,45,,2024-08-15,07:43,732777,4371061,26910,"12,98 east",11.3,4.0,287.0,True,427.0,,,,,27,4.3,99607665-bd3d-4862-9ade-be4e47ce8fab,0836115b-b03b-44ac-a238-3b722fde8c0f.jpeg,c47f97f1-1904-41f3-9da1-e6844dc8d19b,ac294a0d-9eea-4c65-bfbd-a8cb4937a914.jpeg,86fb6470-efb3-4866-ac26-15aa5a91b211,5f961faf-c0e6-4cb4-b4eb-d1053d6ec690.jpeg,9d511e25-8bed-410e-bcd8-1a400ab60c33,fc55c499-f5ee-483d-83d2-7d99f44545fe.jpeg,1,Light patchy burn pattern,,,,,1,4.37,1,5,86,0,0,3,5,1,0,100,1,55,30,15,2,8,1,3.0,Abigail
130,45_pre_ind_burn3d,4,C,Dead,Dead,,False,3.0,,2.0,"2. Few limbs, no fine brances. Top bronken. Percentatge of bark remaining variable. Sloughing sapwood presence and advanced decay, fibrous, firm to soft, light brown. Heartwood soud at base, incipient decay in outer edge of upper bole, hard, light to red brown.",,,,,,,burn3d,Burnpro3d,ind,Independence Lake (IND),pre,Prefire,45,,2024-08-15,07:43,732777,4371061,26910,"12,98 east",11.3,4.0,287.0,True,427.0,,,,,27,4.3,99607665-bd3d-4862-9ade-be4e47ce8fab,0836115b-b03b-44ac-a238-3b722fde8c0f.jpeg,c47f97f1-1904-41f3-9da1-e6844dc8d19b,ac294a0d-9eea-4c65-bfbd-a8cb4937a914.jpeg,86fb6470-efb3-4866-ac26-15aa5a91b211,5f961faf-c0e6-4cb4-b4eb-d1053d6ec690.jpeg,9d511e25-8bed-410e-bcd8-1a400ab60c33,fc55c499-f5ee-483d-83d2-7d99f44545fe.jpeg,1,Light patchy burn pattern,,,,,1,4.37,1,5,86,0,0,3,5,1,0,100,1,55,30,15,2,8,1,3.0,Abigail
131,45_pre_ind_burn3d,5,D,Dead,Dead,,False,4.0,,2.0,"2. Few limbs, no fine brances. Top bronken. Percentatge of bark remaining variable. Sloughing sapwood presence and advanced decay, fibrous, firm to soft, light brown. Heartwood soud at base, incipient decay in outer edge of upper bole, hard, light to red brown.",,,,,,,burn3d,Burnpro3d,ind,Independence Lake (IND),pre,Prefire,45,,2024-08-15,07:43,732777,4371061,26910,"12,98 east",11.3,4.0,287.0,True,427.0,,,,,27,4.3,99607665-bd3d-4862-9ade-be4e47ce8fab,0836115b-b03b-44ac-a238-3b722fde8c0f.jpeg,c47f97f1-1904-41f3-9da1-e6844dc8d19b,ac294a0d-9eea-4c65-bfbd-a8cb4937a914.jpeg,86fb6470-efb3-4866-ac26-15aa5a91b211,5f961faf-c0e6-4cb4-b4eb-d1053d6ec690.jpeg,9d511e25-8bed-410e-bcd8-1a400ab60c33,fc55c499-f5ee-483d-83d2-7d99f44545fe.jpeg,1,Light patchy burn pattern,,,,,1,4.37,1,5,86,0,0,3,5,1,0,100,1,55,30,15,2,8,1,3.0,Abigail
133,45_pre_ind_burn3d,7,428,Live,Live,,False,13.0,,,,,,,,,,burn3d,Burnpro3d,ind,Independence Lake (IND),pre,Prefire,45,,2024-08-15,07:43,732777,4371061,26910,"12,98 east",11.3,4.0,287.0,True,427.0,,,,,27,4.3,99607665-bd3d-4862-9ade-be4e47ce8fab,0836115b-b03b-44ac-a238-3b722fde8c0f.jpeg,c47f97f1-1904-41f3-9da1-e6844dc8d19b,ac294a0d-9eea-4c65-bfbd-a8cb4937a914.jpeg,86fb6470-efb3-4866-ac26-15aa5a91b211,5f961faf-c0e6-4cb4-b4eb-d1053d6ec690.jpeg,9d511e25-8bed-410e-bcd8-1a400ab60c33,fc55c499-f5ee-483d-83d2-7d99f44545fe.jpeg,1,Light patchy burn pattern,,,,,1,4.37,1,5,86,0,0,3,5,1,0,100,1,55,30,15,2,8,1,3.0,Abigail
134,45_pre_ind_burn3d,8,429,Live,Live,,False,8.0,,,,,,,,,,burn3d,Burnpro3d,ind,Independence Lake (IND),pre,Prefire,45,,2024-08-15,07:43,732777,4371061,26910,"12,98 east",11.3,4.0,287.0,True,427.0,,,,,27,4.3,99607665-bd3d-4862-9ade-be4e47ce8fab,0836115b-b03b-44ac-a238-3b722fde8c0f.jpeg,c47f97f1-1904-41f3-9da1-e6844dc8d19b,ac294a0d-9eea-4c65-bfbd-a8cb4937a914.jpeg,86fb6470-efb3-4866-ac26-15aa5a91b211,5f961faf-c0e6-4cb4-b4eb-d1053d6ec690.jpeg,9d511e25-8bed-410e-bcd8-1a400ab60c33,fc55c499-f5ee-483d-83d2-7d99f44545fe.jpeg,1,Light patchy burn pattern,,,,,1,4.37,1,5,86,0,0,3,5,1,0,100,1,55,30,15,2,8,1,3.0,Abigail
135,45_pre_ind_burn3d,9,430,Live,Live,,False,14.0,,,,,,,,,,burn3d,Burnpro3d,ind,Independence Lake (IND),pre,Prefire,45,,2024-08-15,07:43,732777,4371061,26910,"12,98 east",11.3,4.0,287.0,True,427.0,,,,,27,4.3,99607665-bd3d-4862-9ade-be4e47ce8fab,0836115b-b03b-44ac-a238-3b722fde8c0f.jpeg,c47f97f1-1904-41f3-9da1-e6844dc8d19b,ac294a0d-9eea-4c65-bfbd-a8cb4937a914.jpeg,86fb6470-efb3-4866-ac26-15aa5a91b211,5f961faf-c0e6-4cb4-b4eb-d1053d6ec690.jpeg,9d511e25-8bed-410e-bcd8-1a400ab60c33,fc55c499-f5ee-483d-83d2-7d99f44545fe.jpeg,1,Light patchy burn pattern,,,,,1,4.37,1,5,86,0,0,3,5,1,0,100,1,55,30,15,2,8,1,3.0,Abigail
136,45_pre_ind_burn3d,10,F,Dead,Dead,,False,9.0,,4.0,"4. Few or no stubs. Top bronken. Percentatge of bark remaining variable. Sloughing sapwood presence and cubical, soft, reddish to dark brown. Heartwood advanced decay at base, sloughing from upper bole, fibrous to cubical, soft, dark reddish brown.",,,,,,,burn3d,Burnpro3d,ind,Independence Lake (IND),pre,Prefire,45,,2024-08-15,07:43,732777,4371061,26910,"12,98 east",11.3,4.0,287.0,True,427.0,,,,,27,4.3,99607665-bd3d-4862-9ade-be4e47ce8fab,0836115b-b03b-44ac-a238-3b722fde8c0f.jpeg,c47f97f1-1904-41f3-9da1-e6844dc8d19b,ac294a0d-9eea-4c65-bfbd-a8cb4937a914.jpeg,86fb6470-efb3-4866-ac26-15aa5a91b211,5f961faf-c0e6-4cb4-b4eb-d1053d6ec690.jpeg,9d511e25-8bed-410e-bcd8-1a400ab60c33,fc55c499-f5ee-483d-83d2-7d99f44545fe.jpeg,1,Light patchy burn pattern,,,,,1,4.37,1,5,86,0,0,3,5,1,0,100,1,55,30,15,2,8,1,3.0,Abigail
137,45_pre_ind_burn3d,11,431,Live,Live,,True,20.0,,,,0.0,0.0,0.0,0.0,0.5,,burn3d,Burnpro3d,ind,Independence Lake (IND),pre,Prefire,45,,2024-08-15,07:43,732777,4371061,26910,"12,98 east",11.3,4.0,287.0,True,427.0,,,,,27,4.3,99607665-bd3d-4862-9ade-be4e47ce8fab,0836115b-b03b-44ac-a238-3b722fde8c0f.jpeg,c47f97f1-1904-41f3-9da1-e6844dc8d19b,ac294a0d-9eea-4c65-bfbd-a8cb4937a914.jpeg,86fb6470-efb3-4866-ac26-15aa5a91b211,5f961faf-c0e6-4cb4-b4eb-d1053d6ec690.jpeg,9d511e25-8bed-410e-bcd8-1a400ab60c33,fc55c499-f5ee-483d-83d2-7d99f44545fe.jpeg,1,Light patchy burn pattern,,,,,1,4.37,1,5,86,0,0,3,5,1,0,100,1,55,30,15,2,8,1,3.0,Abigail
138,45_pre_ind_burn3d,12,432,Live,Live,,True,16.0,,,,0.0,0.0,0.0,0.0,1.8,,burn3d,Burnpro3d,ind,Independence Lake (IND),pre,Prefire,45,,2024-08-15,07:43,732777,4371061,26910,"12,98 east",11.3,4.0,287.0,True,427.0,,,,,27,4.3,99607665-bd3d-4862-9ade-be4e47ce8fab,0836115b-b03b-44ac-a238-3b722fde8c0f.jpeg,c47f97f1-1904-41f3-9da1-e6844dc8d19b,ac294a0d-9eea-4c65-bfbd-a8cb4937a914.jpeg,86fb6470-efb3-4866-ac26-15aa5a91b211,5f961faf-c0e6-4cb4-b4eb-d1053d6ec690.jpeg,9d511e25-8bed-410e-bcd8-1a400ab60c33,fc55c499-f5ee-483d-83d2-7d99f44545fe.jpeg,1,Light patchy burn pattern,,,,,1,4.37,1,5,86,0,0,3,5,1,0,100,1,55,30,15,2,8,1,3.0,Abigail
141,45_pre_ind_burn3d,15,434,Live,Live,,False,16.0,,,,,,,,,,burn3d,Burnpro3d,ind,Independence Lake (IND),pre,Prefire,45,,2024-08-15,07:43,732777,4371061,26910,"12,98 east",11.3,4.0,287.0,True,427.0,,,,,27,4.3,99607665-bd3d-4862-9ade-be4e47ce8fab,0836115b-b03b-44ac-a238-3b722fde8c0f.jpeg,c47f97f1-1904-41f3-9da1-e6844dc8d19b,ac294a0d-9eea-4c65-bfbd-a8cb4937a914.jpeg,86fb6470-efb3-4866-ac26-15aa5a91b211,5f961faf-c0e6-4cb4-b4eb-d1053d6ec690.jpeg,9d511e25-8bed-410e-bcd8-1a400ab60c33,fc55c499-f5ee-483d-83d2-7d99f44545fe.jpeg,1,Light patchy burn pattern,,,,,1,4.37,1,5,86,0,0,3,5,1,0,100,1,55,30,15,2,8,1,3.0,Abigail
142,45_pre_ind_burn3d,16,435,Live,Live,,False,19.0,,,,,,,,,Significant abnormal growth ,burn3d,Burnpro3d,ind,Independence Lake (IND),pre,Prefire,45,,2024-08-15,07:43,732777,4371061,26910,"12,98 east",11.3,4.0,287.0,True,427.0,,,,,27,4.3,99607665-bd3d-4862-9ade-be4e47ce8fab,0836115b-b03b-44ac-a238-3b722fde8c0f.jpeg,c47f97f1-1904-41f3-9da1-e6844dc8d19b,ac294a0d-9eea-4c65-bfbd-a8cb4937a914.jpeg,86fb6470-efb3-4866-ac26-15aa5a91b211,5f961faf-c0e6-4cb4-b4eb-d1053d6ec690.jpeg,9d511e25-8bed-410e-bcd8-1a400ab60c33,fc55c499-f5ee-483d-83d2-7d99f44545fe.jpeg,1,Light patchy burn pattern,,,,,1,4.37,1,5,86,0,0,3,5,1,0,100,1,55,30,15,2,8,1,3.0,Abigail
143,45_pre_ind_burn3d,17,H,Dead,Dead,,False,19.0,,1.0,"1. All limbs and branches presents. Top pointed. 100% of bark remaining. Intact Sapwood presence and sound, incipient decay, hard, original color. Heartwood sound, hard, origonal color.",,,,,,,burn3d,Burnpro3d,ind,Independence Lake (IND),pre,Prefire,45,,2024-08-15,07:43,732777,4371061,26910,"12,98 east",11.3,4.0,287.0,True,427.0,,,,,27,4.3,99607665-bd3d-4862-9ade-be4e47ce8fab,0836115b-b03b-44ac-a238-3b722fde8c0f.jpeg,c47f97f1-1904-41f3-9da1-e6844dc8d19b,ac294a0d-9eea-4c65-bfbd-a8cb4937a914.jpeg,86fb6470-efb3-4866-ac26-15aa5a91b211,5f961faf-c0e6-4cb4-b4eb-d1053d6ec690.jpeg,9d511e25-8bed-410e-bcd8-1a400ab60c33,fc55c499-f5ee-483d-83d2-7d99f44545fe.jpeg,1,Light patchy burn pattern,,,,,1,4.37,1,5,86,0,0,3,5,1,0,100,1,55,30,15,2,8,1,3.0,Abigail
144,45_pre_ind_burn3d,18,I,Dead,Dead,,False,11.0,,1.0,"1. All limbs and branches presents. Top pointed. 100% of bark remaining. Intact Sapwood presence and sound, incipient decay, hard, original color. Heartwood sound, hard, origonal color.",,,,,,,burn3d,Burnpro3d,ind,Independence Lake (IND),pre,Prefire,45,,2024-08-15,07:43,732777,4371061,26910,"12,98 east",11.3,4.0,287.0,True,427.0,,,,,27,4.3,99607665-bd3d-4862-9ade-be4e47ce8fab,0836115b-b03b-44ac-a238-3b722fde8c0f.jpeg,c47f97f1-1904-41f3-9da1-e6844dc8d19b,ac294a0d-9eea-4c65-bfbd-a8cb4937a914.jpeg,86fb6470-efb3-4866-ac26-15aa5a91b211,5f961faf-c0e6-4cb4-b4eb-d1053d6ec690.jpeg,9d511e25-8bed-410e-bcd8-1a400ab60c33,fc55c499-f5ee-483d-83d2-7d99f44545fe.jpeg,1,Light patchy burn pattern,,,,,1,4.37,1,5,86,0,0,3,5,1,0,100,1,55,30,15,2,8,1,3.0,Abigail
145,45_pre_ind_burn3d,19,J,Dead,Dead,,False,12.0,,2.0,"2. Few limbs, no fine brances. Top bronken. Percentatge of bark remaining variable. Sloughing sapwood presence and advanced decay, fibrous, firm to soft, light brown. Heartwood soud at base, incipient decay in outer edge of upper bole, hard, light to red brown.",,,,,,,burn3d,Burnpro3d,ind,Independence Lake (IND),pre,Prefire,45,,2024-08-15,07:43,732777,4371061,26910,"12,98 east",11.3,4.0,287.0,True,427.0,,,,,27,4.3,99607665-bd3d-4862-9ade-be4e47ce8fab,0836115b-b03b-44ac-a238-3b722fde8c0f.jpeg,c47f97f1-1904-41f3-9da1-e6844dc8d19b,ac294a0d-9eea-4c65-bfbd-a8cb4937a914.jpeg,86fb6470-efb3-4866-ac26-15aa5a91b211,5f961faf-c0e6-4cb4-b4eb-d1053d6ec690.jpeg,9d511e25-8bed-410e-bcd8-1a400ab60c33,fc55c499-f5ee-483d-83d2-7d99f44545fe.jpeg,1,Light patchy burn pattern,,,,,1,4.37,1,5,86,0,0,3,5,1,0,100,1,55,30,15,2,8,1,3.0,Abigail
146,45_pre_ind_burn3d,20,K,Dead,Dead,,False,18.0,,2.0,"2. Few limbs, no fine brances. Top bronken. Percentatge of bark remaining variable. Sloughing sapwood presence and advanced decay, fibrous, firm to soft, light brown. Heartwood soud at base, incipient decay in outer edge of upper bole, hard, light to red brown.",,,,,,,burn3d,Burnpro3d,ind,Independence Lake (IND),pre,Prefire,45,,2024-08-15,07:43,732777,4371061,26910,"12,98 east",11.3,4.0,287.0,True,427.0,,,,,27,4.3,99607665-bd3d-4862-9ade-be4e47ce8fab,0836115b-b03b-44ac-a238-3b722fde8c0f.jpeg,c47f97f1-1904-41f3-9da1-e6844dc8d19b,ac294a0d-9eea-4c65-bfbd-a8cb4937a914.jpeg,86fb6470-efb3-4866-ac26-15aa5a91b211,5f961faf-c0e6-4cb4-b4eb-d1053d6ec690.jpeg,9d511e25-8bed-410e-bcd8-1a400ab60c33,fc55c499-f5ee-483d-83d2-7d99f44545fe.jpeg,1,Light patchy burn pattern,,,,,1,4.37,1,5,86,0,0,3,5,1,0,100,1,55,30,15,2,8,1,3.0,Abigail
149,45_pre_ind_burn3d,24,437,Live,Live,,True,17.0,,,,0.0,0.0,0.0,0.0,0.5,,burn3d,Burnpro3d,ind,Independence Lake (IND),pre,Prefire,45,,2024-08-15,07:43,732777,4371061,26910,"12,98 east",11.3,4.0,287.0,True,427.0,,,,,27,4.3,99607665-bd3d-4862-9ade-be4e47ce8fab,0836115b-b03b-44ac-a238-3b722fde8c0f.jpeg,c47f97f1-1904-41f3-9da1-e6844dc8d19b,ac294a0d-9eea-4c65-bfbd-a8cb4937a914.jpeg,86fb6470-efb3-4866-ac26-15aa5a91b211,5f961faf-c0e6-4cb4-b4eb-d1053d6ec690.jpeg,9d511e25-8bed-410e-bcd8-1a400ab60c33,fc55c499-f5ee-483d-83d2-7d99f44545fe.jpeg,1,Light patchy burn pattern,,,,,1,4.37,1,5,86,0,0,3,5,1,0,100,1,55,30,15,2,8,1,3.0,Abigail
150,43_pre_ind_burn3d,1,419,Live,Live,,False,8.0,,,,,,,,,,burn3d,Burnpro3d,ind,Independence Lake (IND),pre,Prefire,43,CATNF_0043_20240814_1,2024-08-14,15:13,733084,4371330,26910,"12,98 east",11.3,16.0,238.0,True,419.0,,,,,130,11.3,30a65dee-10fb-4169-9995-5b6ac23b2e70,ac85047a-9e88-4705-8334-2e776c18da5a.jpeg,65cd9ba7-4ab5-4fbe-b693-b758dc6feaab,5c88b9f0-5bfb-407e-b1bc-c7d66d3de4a2.jpeg,6f702e14-c7c5-4e49-81f0-9629548e0829,d9d46d07-4257-4dfa-9f2f-4d5d41182c38.jpeg,a83a2257-9358-4740-85ac-4391ab3b638c,c249e74e-dabd-4a6e-9b0c-d52295282a1c.jpeg,1,Light patchy burn pattern,,,,,1,4.37,1,5,88,0,0,6,0,1,0,100,1,60,35,0,3,12,1,3.0,Abigail
151,43_pre_ind_burn3d,2,420,Live,Live,,True,21.0,,,,0.0,0.0,0.0,0.0,1.8,,burn3d,Burnpro3d,ind,Independence Lake (IND),pre,Prefire,43,CATNF_0043_20240814_1,2024-08-14,15:13,733084,4371330,26910,"12,98 east",11.3,16.0,238.0,True,419.0,,,,,130,11.3,30a65dee-10fb-4169-9995-5b6ac23b2e70,ac85047a-9e88-4705-8334-2e776c18da5a.jpeg,65cd9ba7-4ab5-4fbe-b693-b758dc6feaab,5c88b9f0-5bfb-407e-b1bc-c7d66d3de4a2.jpeg,6f702e14-c7c5-4e49-81f0-9629548e0829,d9d46d07-4257-4dfa-9f2f-4d5d41182c38.jpeg,a83a2257-9358-4740-85ac-4391ab3b638c,c249e74e-dabd-4a6e-9b0c-d52295282a1c.jpeg,1,Light patchy burn pattern,,,,,1,4.37,1,5,88,0,0,6,0,1,0,100,1,60,35,0,3,12,1,3.0,Abigail
153,43_pre_ind_burn3d,4,422,Live,Live,,True,19.0,,,,0.0,0.0,0.0,0.0,1.8,,burn3d,Burnpro3d,ind,Independence Lake (IND),pre,Prefire,43,CATNF_0043_20240814_1,2024-08-14,15:13,733084,4371330,26910,"12,98 east",11.3,16.0,238.0,True,419.0,,,,,130,11.3,30a65dee-10fb-4169-9995-5b6ac23b2e70,ac85047a-9e88-4705-8334-2e776c18da5a.jpeg,65cd9ba7-4ab5-4fbe-b693-b758dc6feaab,5c88b9f0-5bfb-407e-b1bc-c7d66d3de4a2.jpeg,6f702e14-c7c5-4e49-81f0-9629548e0829,d9d46d07-4257-4dfa-9f2f-4d5d41182c38.jpeg,a83a2257-9358-4740-85ac-4391ab3b638c,c249e74e-dabd-4a6e-9b0c-d52295282a1c.jpeg,1,Light patchy burn pattern,,,,,1,4.37,1,5,88,0,0,6,0,1,0,100,1,60,35,0,3,12,1,3.0,Abigail
154,43_pre_ind_burn3d,5,423,Live,Live,,True,21.0,,,,0.0,0.0,0.0,0.0,3.6,,burn3d,Burnpro3d,ind,Independence Lake (IND),pre,Prefire,43,CATNF_0043_20240814_1,2024-08-14,15:13,733084,4371330,26910,"12,98 east",11.3,16.0,238.0,True,419.0,,,,,130,11.3,30a65dee-10fb-4169-9995-5b6ac23b2e70,ac85047a-9e88-4705-8334-2e776c18da5a.jpeg,65cd9ba7-4ab5-4fbe-b693-b758dc6feaab,5c88b9f0-5bfb-407e-b1bc-c7d66d3de4a2.jpeg,6f702e14-c7c5-4e49-81f0-9629548e0829,d9d46d07-4257-4dfa-9f2f-4d5d41182c38.jpeg,a83a2257-9358-4740-85ac-4391ab3b638c,c249e74e-dabd-4a6e-9b0c-d52295282a1c.jpeg,1,Light patchy burn pattern,,,,,1,4.37,1,5,88,0,0,6,0,1,0,100,1,60,35,0,3,12,1,3.0,Abigail
155,43_pre_ind_burn3d,6,424,Live,Live,,True,24.0,,,,0.0,0.0,0.0,0.0,2.0,Beetles,burn3d,Burnpro3d,ind,Independence Lake (IND),pre,Prefire,43,CATNF_0043_20240814_1,2024-08-14,15:13,733084,4371330,26910,"12,98 east",11.3,16.0,238.0,True,419.0,,,,,130,11.3,30a65dee-10fb-4169-9995-5b6ac23b2e70,ac85047a-9e88-4705-8334-2e776c18da5a.jpeg,65cd9ba7-4ab5-4fbe-b693-b758dc6feaab,5c88b9f0-5bfb-407e-b1bc-c7d66d3de4a2.jpeg,6f702e14-c7c5-4e49-81f0-9629548e0829,d9d46d07-4257-4dfa-9f2f-4d5d41182c38.jpeg,a83a2257-9358-4740-85ac-4391ab3b638c,c249e74e-dabd-4a6e-9b0c-d52295282a1c.jpeg,1,Light patchy burn pattern,,,,,1,4.37,1,5,88,0,0,6,0,1,0,100,1,60,35,0,3,12,1,3.0,Abigail
156,43_pre_ind_burn3d,7,425,Live,Live,,True,22.0,,,,0.0,0.0,0.0,0.0,1.9,,burn3d,Burnpro3d,ind,Independence Lake (IND),pre,Prefire,43,CATNF_0043_20240814_1,2024-08-14,15:13,733084,4371330,26910,"12,98 east",11.3,16.0,238.0,True,419.0,,,,,130,11.3,30a65dee-10fb-4169-9995-5b6ac23b2e70,ac85047a-9e88-4705-8334-2e776c18da5a.jpeg,65cd9ba7-4ab5-4fbe-b693-b758dc6feaab,5c88b9f0-5bfb-407e-b1bc-c7d66d3de4a2.jpeg,6f702e14-c7c5-4e49-81f0-9629548e0829,d9d46d07-4257-4dfa-9f2f-4d5d41182c38.jpeg,a83a2257-9358-4740-85ac-4391ab3b638c,c249e74e-dabd-4a6e-9b0c-d52295282a1c.jpeg,1,Light patchy burn pattern,,,,,1,4.37,1,5,88,0,0,6,0,1,0,100,1,60,35,0,3,12,1,3.0,Abigail
159,57_pre_ind_burn3d,2,408,Live,Live,,False,21.0,,,,,,,,,,burn3d,Burnpro3d,ind,Independence Lake (IND),pre,Prefire,57,CATNF_0057_20240814_1,2024-08-14,13:51,733208,4371428,26910,"12,98 east",11.3,12.0,23.0,True,407.0,,,,,30,5.1,20b3b850-fd48-4c06-b2cd-c4ebf8f6c9b2,ca04972a-882c-49ed-8656-4fc169066684.jpeg,9462c0bb-d164-4727-8859-26e11e70277a,90313a91-0834-45cd-8f6b-d0b222d6ecd1.jpeg,d8234cc4-1aa3-430c-a20b-9eead8667e79,cd8c16e0-e585-49d8-97ae-3f10a4e02e6f.jpeg,7cd5b2a8-cded-43c1-9b61-bee263efa860,5f9c7f7e-35f7-4e3e-8269-8cb985bf2add.jpeg,0,Unburned,,,,,1,4.37,1,5,89,0,0,4,1,1,0,100,1,60,35,0,10,15,1,3.0,Abigail
160,57_pre_ind_burn3d,3,409,Live,Live,,False,14.0,,,,,,,,,,burn3d,Burnpro3d,ind,Independence Lake (IND),pre,Prefire,57,CATNF_0057_20240814_1,2024-08-14,13:51,733208,4371428,26910,"12,98 east",11.3,12.0,23.0,True,407.0,,,,,30,5.1,20b3b850-fd48-4c06-b2cd-c4ebf8f6c9b2,ca04972a-882c-49ed-8656-4fc169066684.jpeg,9462c0bb-d164-4727-8859-26e11e70277a,90313a91-0834-45cd-8f6b-d0b222d6ecd1.jpeg,d8234cc4-1aa3-430c-a20b-9eead8667e79,cd8c16e0-e585-49d8-97ae-3f10a4e02e6f.jpeg,7cd5b2a8-cded-43c1-9b61-bee263efa860,5f9c7f7e-35f7-4e3e-8269-8cb985bf2add.jpeg,0,Unburned,,,,,1,4.37,1,5,89,0,0,4,1,1,0,100,1,60,35,0,10,15,1,3.0,Abigail
161,57_pre_ind_burn3d,4,410,Live,Live,,False,19.0,,,,,,,,,,burn3d,Burnpro3d,ind,Independence Lake (IND),pre,Prefire,57,CATNF_0057_20240814_1,2024-08-14,13:51,733208,4371428,26910,"12,98 east",11.3,12.0,23.0,True,407.0,,,,,30,5.1,20b3b850-fd48-4c06-b2cd-c4ebf8f6c9b2,ca04972a-882c-49ed-8656-4fc169066684.jpeg,9462c0bb-d164-4727-8859-26e11e70277a,90313a91-0834-45cd-8f6b-d0b222d6ecd1.jpeg,d8234cc4-1aa3-430c-a20b-9eead8667e79,cd8c16e0-e585-49d8-97ae-3f10a4e02e6f.jpeg,7cd5b2a8-cded-43c1-9b61-bee263efa860,5f9c7f7e-35f7-4e3e-8269-8cb985bf2add.jpeg,0,Unburned,,,,,1,4.37,1,5,89,0,0,4,1,1,0,100,1,60,35,0,10,15,1,3.0,Abigail
162,57_pre_ind_burn3d,5,411,Live,Live,,False,17.0,,,,,,,,,,burn3d,Burnpro3d,ind,Independence Lake (IND),pre,Prefire,57,CATNF_0057_20240814_1,2024-08-14,13:51,733208,4371428,26910,"12,98 east",11.3,12.0,23.0,True,407.0,,,,,30,5.1,20b3b850-fd48-4c06-b2cd-c4ebf8f6c9b2,ca04972a-882c-49ed-8656-4fc169066684.jpeg,9462c0bb-d164-4727-8859-26e11e70277a,90313a91-0834-45cd-8f6b-d0b222d6ecd1.jpeg,d8234cc4-1aa3-430c-a20b-9eead8667e79,cd8c16e0-e585-49d8-97ae-3f10a4e02e6f.jpeg,7cd5b2a8-cded-43c1-9b61-bee263efa860,5f9c7f7e-35f7-4e3e-8269-8cb985bf2add.jpeg,0,Unburned,,,,,1,4.37,1,5,89,0,0,4,1,1,0,100,1,60,35,0,10,15,1,3.0,Abigail
164,57_pre_ind_burn3d,7,413,Live,Live,,False,19.0,,,,,,,,,,burn3d,Burnpro3d,ind,Independence Lake (IND),pre,Prefire,57,CATNF_0057_20240814_1,2024-08-14,13:51,733208,4371428,26910,"12,98 east",11.3,12.0,23.0,True,407.0,,,,,30,5.1,20b3b850-fd48-4c06-b2cd-c4ebf8f6c9b2,ca04972a-882c-49ed-8656-4fc169066684.jpeg,9462c0bb-d164-4727-8859-26e11e70277a,90313a91-0834-45cd-8f6b-d0b222d6ecd1.jpeg,d8234cc4-1aa3-430c-a20b-9eead8667e79,cd8c16e0-e585-49d8-97ae-3f10a4e02e6f.jpeg,7cd5b2a8-cded-43c1-9b61-bee263efa860,5f9c7f7e-35f7-4e3e-8269-8cb985bf2add.jpeg,0,Unburned,,,,,1,4.37,1,5,89,0,0,4,1,1,0,100,1,60,35,0,10,15,1,3.0,Abigail
166,57_pre_ind_burn3d,9,415,Live,Live,,False,16.0,,,,,,,,,,burn3d,Burnpro3d,ind,Independence Lake (IND),pre,Prefire,57,CATNF_0057_20240814_1,2024-08-14,13:51,733208,4371428,26910,"12,98 east",11.3,12.0,23.0,True,407.0,,,,,30,5.1,20b3b850-fd48-4c06-b2cd-c4ebf8f6c9b2,ca04972a-882c-49ed-8656-4fc169066684.jpeg,9462c0bb-d164-4727-8859-26e11e70277a,90313a91-0834-45cd-8f6b-d0b222d6ecd1.jpeg,d8234cc4-1aa3-430c-a20b-9eead8667e79,cd8c16e0-e585-49d8-97ae-3f10a4e02e6f.jpeg,7cd5b2a8-cded-43c1-9b61-bee263efa860,5f9c7f7e-35f7-4e3e-8269-8cb985bf2add.jpeg,0,Unburned,,,,,1,4.37,1,5,89,0,0,4,1,1,0,100,1,60,35,0,10,15,1,3.0,Abigail
167,57_pre_ind_burn3d,10,416,Live,Live,,False,17.0,,,,,,,,,,burn3d,Burnpro3d,ind,Independence Lake (IND),pre,Prefire,57,CATNF_0057_20240814_1,2024-08-14,13:51,733208,4371428,26910,"12,98 east",11.3,12.0,23.0,True,407.0,,,,,30,5.1,20b3b850-fd48-4c06-b2cd-c4ebf8f6c9b2,ca04972a-882c-49ed-8656-4fc169066684.jpeg,9462c0bb-d164-4727-8859-26e11e70277a,90313a91-0834-45cd-8f6b-d0b222d6ecd1.jpeg,d8234cc4-1aa3-430c-a20b-9eead8667e79,cd8c16e0-e585-49d8-97ae-3f10a4e02e6f.jpeg,7cd5b2a8-cded-43c1-9b61-bee263efa860,5f9c7f7e-35f7-4e3e-8269-8cb985bf2add.jpeg,0,Unburned,,,,,1,4.37,1,5,89,0,0,4,1,1,0,100,1,60,35,0,10,15,1,3.0,Abigail
168,57_pre_ind_burn3d,11,417,Live,Live,,False,20.0,,,,,,,,,"Multiple leaders, splits above DBH",burn3d,Burnpro3d,ind,Independence Lake (IND),pre,Prefire,57,CATNF_0057_20240814_1,2024-08-14,13:51,733208,4371428,26910,"12,98 east",11.3,12.0,23.0,True,407.0,,,,,30,5.1,20b3b850-fd48-4c06-b2cd-c4ebf8f6c9b2,ca04972a-882c-49ed-8656-4fc169066684.jpeg,9462c0bb-d164-4727-8859-26e11e70277a,90313a91-0834-45cd-8f6b-d0b222d6ecd1.jpeg,d8234cc4-1aa3-430c-a20b-9eead8667e79,cd8c16e0-e585-49d8-97ae-3f10a4e02e6f.jpeg,7cd5b2a8-cded-43c1-9b61-bee263efa860,5f9c7f7e-35f7-4e3e-8269-8cb985bf2add.jpeg,0,Unburned,,,,,1,4.37,1,5,89,0,0,4,1,1,0,100,1,60,35,0,10,15,1,3.0,Abigail
169,57_pre_ind_burn3d,12,418,Live,Live,,False,17.0,,,,,,,,,,burn3d,Burnpro3d,ind,Independence Lake (IND),pre,Prefire,57,CATNF_0057_20240814_1,2024-08-14,13:51,733208,4371428,26910,"12,98 east",11.3,12.0,23.0,True,407.0,,,,,30,5.1,20b3b850-fd48-4c06-b2cd-c4ebf8f6c9b2,ca04972a-882c-49ed-8656-4fc169066684.jpeg,9462c0bb-d164-4727-8859-26e11e70277a,90313a91-0834-45cd-8f6b-d0b222d6ecd1.jpeg,d8234cc4-1aa3-430c-a20b-9eead8667e79,cd8c16e0-e585-49d8-97ae-3f10a4e02e6f.jpeg,7cd5b2a8-cded-43c1-9b61-bee263efa860,5f9c7f7e-35f7-4e3e-8269-8cb985bf2add.jpeg,0,Unburned,,,,,1,4.37,1,5,89,0,0,4,1,1,0,100,1,60,35,0,10,15,1,3.0,Abigail
170,56_pre_ind_burn3d,1,403,Live,Live,,True,16.0,,,,0.0,0.0,0.0,0.0,0.3,,burn3d,Burnpro3d,ind,Independence Lake (IND),pre,Prefire,56,CATNF_0056_20240814_1,2024-08-14,11:37,733354,4371317,26910,"12,98 east",11.3,26.0,109.0,True,403.0,,,,,109,7.5,39f0a12a-30a8-4231-b9d2-b80fd9202ce5,a3f251a9-c3ee-4227-a34e-d4793df02bf4.jpeg,6d72125b-b755-4a36-953d-233e19bc876f,d79eadbd-0184-4e2f-a823-c45ab63ab5ef.jpeg,a7dd9c84-7633-4c84-bccf-8abc271be344,202bfa6d-1efb-41bc-ba94-3f195f1ae8a1.jpeg,67da0b3e-104d-4860-ae0d-60230ac69aa9,cffb9040-3c8f-4342-acdf-82af046243f4.jpeg,1,Light patchy burn pattern,,,,,1,4.37,1,2,76,0,0,20,1,1,0,100,1,45,10,0,8,27,1,3.0,Abigail
171,56_pre_ind_burn3d,2,A,Dead,Dead,,False,8.0,,1.0,"1. All limbs and branches presents. Top pointed. 100% of bark remaining. Intact Sapwood presence and sound, incipient decay, hard, original color. Heartwood sound, hard, origonal color.",,,,,,,burn3d,Burnpro3d,ind,Independence Lake (IND),pre,Prefire,56,CATNF_0056_20240814_1,2024-08-14,11:37,733354,4371317,26910,"12,98 east",11.3,26.0,109.0,True,403.0,,,,,109,7.5,39f0a12a-30a8-4231-b9d2-b80fd9202ce5,a3f251a9-c3ee-4227-a34e-d4793df02bf4.jpeg,6d72125b-b755-4a36-953d-233e19bc876f,d79eadbd-0184-4e2f-a823-c45ab63ab5ef.jpeg,a7dd9c84-7633-4c84-bccf-8abc271be344,202bfa6d-1efb-41bc-ba94-3f195f1ae8a1.jpeg,67da0b3e-104d-4860-ae0d-60230ac69aa9,cffb9040-3c8f-4342-acdf-82af046243f4.jpeg,1,Light patchy burn pattern,,,,,1,4.37,1,2,76,0,0,20,1,1,0,100,1,45,10,0,8,27,1,3.0,Abigail
173,56_pre_ind_burn3d,4,405,Live,Live,,True,20.0,,,,0.0,0.0,0.0,0.0,0.4,,burn3d,Burnpro3d,ind,Independence Lake (IND),pre,Prefire,56,CATNF_0056_20240814_1,2024-08-14,11:37,733354,4371317,26910,"12,98 east",11.3,26.0,109.0,True,403.0,,,,,109,7.5,39f0a12a-30a8-4231-b9d2-b80fd9202ce5,a3f251a9-c3ee-4227-a34e-d4793df02bf4.jpeg,6d72125b-b755-4a36-953d-233e19bc876f,d79eadbd-0184-4e2f-a823-c45ab63ab5ef.jpeg,a7dd9c84-7633-4c84-bccf-8abc271be344,202bfa6d-1efb-41bc-ba94-3f195f1ae8a1.jpeg,67da0b3e-104d-4860-ae0d-60230ac69aa9,cffb9040-3c8f-4342-acdf-82af046243f4.jpeg,1,Light patchy burn pattern,,,,,1,4.37,1,2,76,0,0,20,1,1,0,100,1,45,10,0,8,27,1,3.0,Abigail
174,56_pre_ind_burn3d,5,406,Live,Live,,True,26.0,,,,0.0,0.0,0.0,0.0,3.0,,burn3d,Burnpro3d,ind,Independence Lake (IND),pre,Prefire,56,CATNF_0056_20240814_1,2024-08-14,11:37,733354,4371317,26910,"12,98 east",11.3,26.0,109.0,True,403.0,,,,,109,7.5,39f0a12a-30a8-4231-b9d2-b80fd9202ce5,a3f251a9-c3ee-4227-a34e-d4793df02bf4.jpeg,6d72125b-b755-4a36-953d-233e19bc876f,d79eadbd-0184-4e2f-a823-c45ab63ab5ef.jpeg,a7dd9c84-7633-4c84-bccf-8abc271be344,202bfa6d-1efb-41bc-ba94-3f195f1ae8a1.jpeg,67da0b3e-104d-4860-ae0d-60230ac69aa9,cffb9040-3c8f-4342-acdf-82af046243f4.jpeg,1,Light patchy burn pattern,,,,,1,4.37,1,2,76,0,0,20,1,1,0,100,1,45,10,0,8,27,1,3.0,Abigail
175,41_pre_ind_burn3d,1,376,Live,Live,,False,21.0,,,,,,,,,,burn3d,Burnpro3d,ind,Independence Lake (IND),pre,Prefire,41,CATNF_0041_20240814_1,2024-08-14,08:48,733508,4371447,26910,"12,98 east",11.3,12.0,61.0,True,376.0,,,,,80,10.6,4a44a78d-ddfa-4773-bd30-e44a8de7a8f8,ef025cf7-130c-4dff-8f66-1da10ac38a30.jpeg,482786e2-16ac-456a-b1b2-05797800db6c,e7d3d17a-5fba-4da1-9c5d-8393825949fe.jpeg,0332837b-1803-4484-a93d-e84cae9175f5,312bea84-44bf-4673-8d28-94cda00bd94a.jpeg,18dc38ef-7ce7-47d9-8fa4-5ea1eaa94723,38b7aab8-8b5d-4186-98c7-d1de3a1d79b3.jpeg,0,Unburned,,,,Moved plot center within 10m for lidar. Coordinates here are up to date.,1,4.37,1,0,94,0,0,0,1,5,0,100,1,80,30,2,30,30,1,3.0,Abigail
176,41_pre_ind_burn3d,2,377,Live,Live,,False,11.0,,,,,,,,,,burn3d,Burnpro3d,ind,Independence Lake (IND),pre,Prefire,41,CATNF_0041_20240814_1,2024-08-14,08:48,733508,4371447,26910,"12,98 east",11.3,12.0,61.0,True,376.0,,,,,80,10.6,4a44a78d-ddfa-4773-bd30-e44a8de7a8f8,ef025cf7-130c-4dff-8f66-1da10ac38a30.jpeg,482786e2-16ac-456a-b1b2-05797800db6c,e7d3d17a-5fba-4da1-9c5d-8393825949fe.jpeg,0332837b-1803-4484-a93d-e84cae9175f5,312bea84-44bf-4673-8d28-94cda00bd94a.jpeg,18dc38ef-7ce7-47d9-8fa4-5ea1eaa94723,38b7aab8-8b5d-4186-98c7-d1de3a1d79b3.jpeg,0,Unburned,,,,Moved plot center within 10m for lidar. Coordinates here are up to date.,1,4.37,1,0,94,0,0,0,1,5,0,100,1,80,30,2,30,30,1,3.0,Abigail
177,41_pre_ind_burn3d,3,378,Live,Live,,False,24.0,,,,,,,,,,burn3d,Burnpro3d,ind,Independence Lake (IND),pre,Prefire,41,CATNF_0041_20240814_1,2024-08-14,08:48,733508,4371447,26910,"12,98 east",11.3,12.0,61.0,True,376.0,,,,,80,10.6,4a44a78d-ddfa-4773-bd30-e44a8de7a8f8,ef025cf7-130c-4dff-8f66-1da10ac38a30.jpeg,482786e2-16ac-456a-b1b2-05797800db6c,e7d3d17a-5fba-4da1-9c5d-8393825949fe.jpeg,0332837b-1803-4484-a93d-e84cae9175f5,312bea84-44bf-4673-8d28-94cda00bd94a.jpeg,18dc38ef-7ce7-47d9-8fa4-5ea1eaa94723,38b7aab8-8b5d-4186-98c7-d1de3a1d79b3.jpeg,0,Unburned,,,,Moved plot center within 10m for lidar. Coordinates here are up to date.,1,4.37,1,0,94,0,0,0,1,5,0,100,1,80,30,2,30,30,1,3.0,Abigail
178,41_pre_ind_burn3d,4,379,Live,Live,,False,4.0,,,,,,,,,,burn3d,Burnpro3d,ind,Independence Lake (IND),pre,Prefire,41,CATNF_0041_20240814_1,2024-08-14,08:48,733508,4371447,26910,"12,98 east",11.3,12.0,61.0,True,376.0,,,,,80,10.6,4a44a78d-ddfa-4773-bd30-e44a8de7a8f8,ef025cf7-130c-4dff-8f66-1da10ac38a30.jpeg,482786e2-16ac-456a-b1b2-05797800db6c,e7d3d17a-5fba-4da1-9c5d-8393825949fe.jpeg,0332837b-1803-4484-a93d-e84cae9175f5,312bea84-44bf-4673-8d28-94cda00bd94a.jpeg,18dc38ef-7ce7-47d9-8fa4-5ea1eaa94723,38b7aab8-8b5d-4186-98c7-d1de3a1d79b3.jpeg,0,Unburned,,,,Moved plot center within 10m for lidar. Coordinates here are up to date.,1,4.37,1,0,94,0,0,0,1,5,0,100,1,80,30,2,30,30,1,3.0,Abigail
179,41_pre_ind_burn3d,5,380,Live,Live,,False,7.0,,,,,,,,,,burn3d,Burnpro3d,ind,Independence Lake (IND),pre,Prefire,41,CATNF_0041_20240814_1,2024-08-14,08:48,733508,4371447,26910,"12,98 east",11.3,12.0,61.0,True,376.0,,,,,80,10.6,4a44a78d-ddfa-4773-bd30-e44a8de7a8f8,ef025cf7-130c-4dff-8f66-1da10ac38a30.jpeg,482786e2-16ac-456a-b1b2-05797800db6c,e7d3d17a-5fba-4da1-9c5d-8393825949fe.jpeg,0332837b-1803-4484-a93d-e84cae9175f5,312bea84-44bf-4673-8d28-94cda00bd94a.jpeg,18dc38ef-7ce7-47d9-8fa4-5ea1eaa94723,38b7aab8-8b5d-4186-98c7-d1de3a1d79b3.jpeg,0,Unburned,,,,Moved plot center within 10m for lidar. Coordinates here are up to date.,1,4.37,1,0,94,0,0,0,1,5,0,100,1,80,30,2,30,30,1,3.0,Abigail
180,41_pre_ind_burn3d,6,381,Live,Live,,False,4.0,,,,,,,,,,burn3d,Burnpro3d,ind,Independence Lake (IND),pre,Prefire,41,CATNF_0041_20240814_1,2024-08-14,08:48,733508,4371447,26910,"12,98 east",11.3,12.0,61.0,True,376.0,,,,,80,10.6,4a44a78d-ddfa-4773-bd30-e44a8de7a8f8,ef025cf7-130c-4dff-8f66-1da10ac38a30.jpeg,482786e2-16ac-456a-b1b2-05797800db6c,e7d3d17a-5fba-4da1-9c5d-8393825949fe.jpeg,0332837b-1803-4484-a93d-e84cae9175f5,312bea84-44bf-4673-8d28-94cda00bd94a.jpeg,18dc38ef-7ce7-47d9-8fa4-5ea1eaa94723,38b7aab8-8b5d-4186-98c7-d1de3a1d79b3.jpeg,0,Unburned,,,,Moved plot center within 10m for lidar. Coordinates here are up to date.,1,4.37,1,0,94,0,0,0,1,5,0,100,1,80,30,2,30,30,1,3.0,Abigail
182,41_pre_ind_burn3d,8,383,Live,Live,,False,8.0,,,,,,,,,,burn3d,Burnpro3d,ind,Independence Lake (IND),pre,Prefire,41,CATNF_0041_20240814_1,2024-08-14,08:48,733508,4371447,26910,"12,98 east",11.3,12.0,61.0,True,376.0,,,,,80,10.6,4a44a78d-ddfa-4773-bd30-e44a8de7a8f8,ef025cf7-130c-4dff-8f66-1da10ac38a30.jpeg,482786e2-16ac-456a-b1b2-05797800db6c,e7d3d17a-5fba-4da1-9c5d-8393825949fe.jpeg,0332837b-1803-4484-a93d-e84cae9175f5,312bea84-44bf-4673-8d28-94cda00bd94a.jpeg,18dc38ef-7ce7-47d9-8fa4-5ea1eaa94723,38b7aab8-8b5d-4186-98c7-d1de3a1d79b3.jpeg,0,Unburned,,,,Moved plot center within 10m for lidar. Coordinates here are up to date.,1,4.37,1,0,94,0,0,0,1,5,0,100,1,80,30,2,30,30,1,3.0,Abigail
183,41_pre_ind_burn3d,9,384,Live,Live,,False,30.0,,,,,,,,,,burn3d,Burnpro3d,ind,Independence Lake (IND),pre,Prefire,41,CATNF_0041_20240814_1,2024-08-14,08:48,733508,4371447,26910,"12,98 east",11.3,12.0,61.0,True,376.0,,,,,80,10.6,4a44a78d-ddfa-4773-bd30-e44a8de7a8f8,ef025cf7-130c-4dff-8f66-1da10ac38a30.jpeg,482786e2-16ac-456a-b1b2-05797800db6c,e7d3d17a-5fba-4da1-9c5d-8393825949fe.jpeg,0332837b-1803-4484-a93d-e84cae9175f5,312bea84-44bf-4673-8d28-94cda00bd94a.jpeg,18dc38ef-7ce7-47d9-8fa4-5ea1eaa94723,38b7aab8-8b5d-4186-98c7-d1de3a1d79b3.jpeg,0,Unburned,,,,Moved plot center within 10m for lidar. Coordinates here are up to date.,1,4.37,1,0,94,0,0,0,1,5,0,100,1,80,30,2,30,30,1,3.0,Abigail
184,41_pre_ind_burn3d,10,385,Live,Live,,False,9.0,,,,,,,,,,burn3d,Burnpro3d,ind,Independence Lake (IND),pre,Prefire,41,CATNF_0041_20240814_1,2024-08-14,08:48,733508,4371447,26910,"12,98 east",11.3,12.0,61.0,True,376.0,,,,,80,10.6,4a44a78d-ddfa-4773-bd30-e44a8de7a8f8,ef025cf7-130c-4dff-8f66-1da10ac38a30.jpeg,482786e2-16ac-456a-b1b2-05797800db6c,e7d3d17a-5fba-4da1-9c5d-8393825949fe.jpeg,0332837b-1803-4484-a93d-e84cae9175f5,312bea84-44bf-4673-8d28-94cda00bd94a.jpeg,18dc38ef-7ce7-47d9-8fa4-5ea1eaa94723,38b7aab8-8b5d-4186-98c7-d1de3a1d79b3.jpeg,0,Unburned,,,,Moved plot center within 10m for lidar. Coordinates here are up to date.,1,4.37,1,0,94,0,0,0,1,5,0,100,1,80,30,2,30,30,1,3.0,Abigail
186,41_pre_ind_burn3d,12,387,Live,Live,,False,6.0,,,,,,,,,,burn3d,Burnpro3d,ind,Independence Lake (IND),pre,Prefire,41,CATNF_0041_20240814_1,2024-08-14,08:48,733508,4371447,26910,"12,98 east",11.3,12.0,61.0,True,376.0,,,,,80,10.6,4a44a78d-ddfa-4773-bd30-e44a8de7a8f8,ef025cf7-130c-4dff-8f66-1da10ac38a30.jpeg,482786e2-16ac-456a-b1b2-05797800db6c,e7d3d17a-5fba-4da1-9c5d-8393825949fe.jpeg,0332837b-1803-4484-a93d-e84cae9175f5,312bea84-44bf-4673-8d28-94cda00bd94a.jpeg,18dc38ef-7ce7-47d9-8fa4-5ea1eaa94723,38b7aab8-8b5d-4186-98c7-d1de3a1d79b3.jpeg,0,Unburned,,,,Moved plot center within 10m for lidar. Coordinates here are up to date.,1,4.37,1,0,94,0,0,0,1,5,0,100,1,80,30,2,30,30,1,3.0,Abigail
187,41_pre_ind_burn3d,13,388,Live,Live,,False,5.0,,,,,,,,,,burn3d,Burnpro3d,ind,Independence Lake (IND),pre,Prefire,41,CATNF_0041_20240814_1,2024-08-14,08:48,733508,4371447,26910,"12,98 east",11.3,12.0,61.0,True,376.0,,,,,80,10.6,4a44a78d-ddfa-4773-bd30-e44a8de7a8f8,ef025cf7-130c-4dff-8f66-1da10ac38a30.jpeg,482786e2-16ac-456a-b1b2-05797800db6c,e7d3d17a-5fba-4da1-9c5d-8393825949fe.jpeg,0332837b-1803-4484-a93d-e84cae9175f5,312bea84-44bf-4673-8d28-94cda00bd94a.jpeg,18dc38ef-7ce7-47d9-8fa4-5ea1eaa94723,38b7aab8-8b5d-4186-98c7-d1de3a1d79b3.jpeg,0,Unburned,,,,Moved plot center within 10m for lidar. Coordinates here are up to date.,1,4.37,1,0,94,0,0,0,1,5,0,100,1,80,30,2,30,30,1,3.0,Abigail
188,41_pre_ind_burn3d,14,389,Live,Live,,False,10.0,,,,,,,,,,burn3d,Burnpro3d,ind,Independence Lake (IND),pre,Prefire,41,CATNF_0041_20240814_1,2024-08-14,08:48,733508,4371447,26910,"12,98 east",11.3,12.0,61.0,True,376.0,,,,,80,10.6,4a44a78d-ddfa-4773-bd30-e44a8de7a8f8,ef025cf7-130c-4dff-8f66-1da10ac38a30.jpeg,482786e2-16ac-456a-b1b2-05797800db6c,e7d3d17a-5fba-4da1-9c5d-8393825949fe.jpeg,0332837b-1803-4484-a93d-e84cae9175f5,312bea84-44bf-4673-8d28-94cda00bd94a.jpeg,18dc38ef-7ce7-47d9-8fa4-5ea1eaa94723,38b7aab8-8b5d-4186-98c7-d1de3a1d79b3.jpeg,0,Unburned,,,,Moved plot center within 10m for lidar. Coordinates here are up to date.,1,4.37,1,0,94,0,0,0,1,5,0,100,1,80,30,2,30,30,1,3.0,Abigail
189,41_pre_ind_burn3d,15,390,Live,Live,,False,6.0,,,,,,,,,Squiggly!,burn3d,Burnpro3d,ind,Independence Lake (IND),pre,Prefire,41,CATNF_0041_20240814_1,2024-08-14,08:48,733508,4371447,26910,"12,98 east",11.3,12.0,61.0,True,376.0,,,,,80,10.6,4a44a78d-ddfa-4773-bd30-e44a8de7a8f8,ef025cf7-130c-4dff-8f66-1da10ac38a30.jpeg,482786e2-16ac-456a-b1b2-05797800db6c,e7d3d17a-5fba-4da1-9c5d-8393825949fe.jpeg,0332837b-1803-4484-a93d-e84cae9175f5,312bea84-44bf-4673-8d28-94cda00bd94a.jpeg,18dc38ef-7ce7-47d9-8fa4-5ea1eaa94723,38b7aab8-8b5d-4186-98c7-d1de3a1d79b3.jpeg,0,Unburned,,,,Moved plot center within 10m for lidar. Coordinates here are up to date.,1,4.37,1,0,94,0,0,0,1,5,0,100,1,80,30,2,30,30,1,3.0,Abigail
190,41_pre_ind_burn3d,16,391,Live,Live,,False,20.0,,,,,,,,,,burn3d,Burnpro3d,ind,Independence Lake (IND),pre,Prefire,41,CATNF_0041_20240814_1,2024-08-14,08:48,733508,4371447,26910,"12,98 east",11.3,12.0,61.0,True,376.0,,,,,80,10.6,4a44a78d-ddfa-4773-bd30-e44a8de7a8f8,ef025cf7-130c-4dff-8f66-1da10ac38a30.jpeg,482786e2-16ac-456a-b1b2-05797800db6c,e7d3d17a-5fba-4da1-9c5d-8393825949fe.jpeg,0332837b-1803-4484-a93d-e84cae9175f5,312bea84-44bf-4673-8d28-94cda00bd94a.jpeg,18dc38ef-7ce7-47d9-8fa4-5ea1eaa94723,38b7aab8-8b5d-4186-98c7-d1de3a1d79b3.jpeg,0,Unburned,,,,Moved plot center within 10m for lidar. Coordinates here are up to date.,1,4.37,1,0,94,0,0,0,1,5,0,100,1,80,30,2,30,30,1,3.0,Abigail
191,41_pre_ind_burn3d,17,392,Live,Live,,False,28.0,,,,,,,,,,burn3d,Burnpro3d,ind,Independence Lake (IND),pre,Prefire,41,CATNF_0041_20240814_1,2024-08-14,08:48,733508,4371447,26910,"12,98 east",11.3,12.0,61.0,True,376.0,,,,,80,10.6,4a44a78d-ddfa-4773-bd30-e44a8de7a8f8,ef025cf7-130c-4dff-8f66-1da10ac38a30.jpeg,482786e2-16ac-456a-b1b2-05797800db6c,e7d3d17a-5fba-4da1-9c5d-8393825949fe.jpeg,0332837b-1803-4484-a93d-e84cae9175f5,312bea84-44bf-4673-8d28-94cda00bd94a.jpeg,18dc38ef-7ce7-47d9-8fa4-5ea1eaa94723,38b7aab8-8b5d-4186-98c7-d1de3a1d79b3.jpeg,0,Unburned,,,,Moved plot center within 10m for lidar. Coordinates here are up to date.,1,4.37,1,0,94,0,0,0,1,5,0,100,1,80,30,2,30,30,1,3.0,Abigail
192,41_pre_ind_burn3d,18,393,Live,Live,,False,5.0,,,,,,,,,,burn3d,Burnpro3d,ind,Independence Lake (IND),pre,Prefire,41,CATNF_0041_20240814_1,2024-08-14,08:48,733508,4371447,26910,"12,98 east",11.3,12.0,61.0,True,376.0,,,,,80,10.6,4a44a78d-ddfa-4773-bd30-e44a8de7a8f8,ef025cf7-130c-4dff-8f66-1da10ac38a30.jpeg,482786e2-16ac-456a-b1b2-05797800db6c,e7d3d17a-5fba-4da1-9c5d-8393825949fe.jpeg,0332837b-1803-4484-a93d-e84cae9175f5,312bea84-44bf-4673-8d28-94cda00bd94a.jpeg,18dc38ef-7ce7-47d9-8fa4-5ea1eaa94723,38b7aab8-8b5d-4186-98c7-d1de3a1d79b3.jpeg,0,Unburned,,,,Moved plot center within 10m for lidar. Coordinates here are up to date.,1,4.37,1,0,94,0,0,0,1,5,0,100,1,80,30,2,30,30,1,3.0,Abigail
194,41_pre_ind_burn3d,20,395,Live,Live,,False,9.0,,,,,,,,,,burn3d,Burnpro3d,ind,Independence Lake (IND),pre,Prefire,41,CATNF_0041_20240814_1,2024-08-14,08:48,733508,4371447,26910,"12,98 east",11.3,12.0,61.0,True,376.0,,,,,80,10.6,4a44a78d-ddfa-4773-bd30-e44a8de7a8f8,ef025cf7-130c-4dff-8f66-1da10ac38a30.jpeg,482786e2-16ac-456a-b1b2-05797800db6c,e7d3d17a-5fba-4da1-9c5d-8393825949fe.jpeg,0332837b-1803-4484-a93d-e84cae9175f5,312bea84-44bf-4673-8d28-94cda00bd94a.jpeg,18dc38ef-7ce7-47d9-8fa4-5ea1eaa94723,38b7aab8-8b5d-4186-98c7-d1de3a1d79b3.jpeg,0,Unburned,,,,Moved plot center within 10m for lidar. Coordinates here are up to date.,1,4.37,1,0,94,0,0,0,1,5,0,100,1,80,30,2,30,30,1,3.0,Abigail
195,41_pre_ind_burn3d,21,396,Live,Live,,False,6.0,,,,,,,,,,burn3d,Burnpro3d,ind,Independence Lake (IND),pre,Prefire,41,CATNF_0041_20240814_1,2024-08-14,08:48,733508,4371447,26910,"12,98 east",11.3,12.0,61.0,True,376.0,,,,,80,10.6,4a44a78d-ddfa-4773-bd30-e44a8de7a8f8,ef025cf7-130c-4dff-8f66-1da10ac38a30.jpeg,482786e2-16ac-456a-b1b2-05797800db6c,e7d3d17a-5fba-4da1-9c5d-8393825949fe.jpeg,0332837b-1803-4484-a93d-e84cae9175f5,312bea84-44bf-4673-8d28-94cda00bd94a.jpeg,18dc38ef-7ce7-47d9-8fa4-5ea1eaa94723,38b7aab8-8b5d-4186-98c7-d1de3a1d79b3.jpeg,0,Unburned,,,,Moved plot center within 10m for lidar. Coordinates here are up to date.,1,4.37,1,0,94,0,0,0,1,5,0,100,1,80,30,2,30,30,1,3.0,Abigail
197,41_pre_ind_burn3d,23,398,Live,Live,,False,4.0,,,,,,,,,,burn3d,Burnpro3d,ind,Independence Lake (IND),pre,Prefire,41,CATNF_0041_20240814_1,2024-08-14,08:48,733508,4371447,26910,"12,98 east",11.3,12.0,61.0,True,376.0,,,,,80,10.6,4a44a78d-ddfa-4773-bd30-e44a8de7a8f8,ef025cf7-130c-4dff-8f66-1da10ac38a30.jpeg,482786e2-16ac-456a-b1b2-05797800db6c,e7d3d17a-5fba-4da1-9c5d-8393825949fe.jpeg,0332837b-1803-4484-a93d-e84cae9175f5,312bea84-44bf-4673-8d28-94cda00bd94a.jpeg,18dc38ef-7ce7-47d9-8fa4-5ea1eaa94723,38b7aab8-8b5d-4186-98c7-d1de3a1d79b3.jpeg,0,Unburned,,,,Moved plot center within 10m for lidar. Coordinates here are up to date.,1,4.37,1,0,94,0,0,0,1,5,0,100,1,80,30,2,30,30,1,3.0,Abigail
199,41_pre_ind_burn3d,25,A,Dead,Dead,,False,3.0,,1.0,"1. All limbs and branches presents. Top pointed. 100% of bark remaining. Intact Sapwood presence and sound, incipient decay, hard, original color. Heartwood sound, hard, origonal color.",,,,,,,burn3d,Burnpro3d,ind,Independence Lake (IND),pre,Prefire,41,CATNF_0041_20240814_1,2024-08-14,08:48,733508,4371447,26910,"12,98 east",11.3,12.0,61.0,True,376.0,,,,,80,10.6,4a44a78d-ddfa-4773-bd30-e44a8de7a8f8,ef025cf7-130c-4dff-8f66-1da10ac38a30.jpeg,482786e2-16ac-456a-b1b2-05797800db6c,e7d3d17a-5fba-4da1-9c5d-8393825949fe.jpeg,0332837b-1803-4484-a93d-e84cae9175f5,312bea84-44bf-4673-8d28-94cda00bd94a.jpeg,18dc38ef-7ce7-47d9-8fa4-5ea1eaa94723,38b7aab8-8b5d-4186-98c7-d1de3a1d79b3.jpeg,0,Unburned,,,,Moved plot center within 10m for lidar. Coordinates here are up to date.,1,4.37,1,0,94,0,0,0,1,5,0,100,1,80,30,2,30,30,1,3.0,Abigail
200,41_pre_ind_burn3d,26,400,Live,Live,,False,3.0,,,,,,,,,,burn3d,Burnpro3d,ind,Independence Lake (IND),pre,Prefire,41,CATNF_0041_20240814_1,2024-08-14,08:48,733508,4371447,26910,"12,98 east",11.3,12.0,61.0,True,376.0,,,,,80,10.6,4a44a78d-ddfa-4773-bd30-e44a8de7a8f8,ef025cf7-130c-4dff-8f66-1da10ac38a30.jpeg,482786e2-16ac-456a-b1b2-05797800db6c,e7d3d17a-5fba-4da1-9c5d-8393825949fe.jpeg,0332837b-1803-4484-a93d-e84cae9175f5,312bea84-44bf-4673-8d28-94cda00bd94a.jpeg,18dc38ef-7ce7-47d9-8fa4-5ea1eaa94723,38b7aab8-8b5d-4186-98c7-d1de3a1d79b3.jpeg,0,Unburned,,,,Moved plot center within 10m for lidar. Coordinates here are up to date.,1,4.37,1,0,94,0,0,0,1,5,0,100,1,80,30,2,30,30,1,3.0,Abigail
201,41_pre_ind_burn3d,27,B,Dead,Dead,,False,10.0,,1.0,"1. All limbs and branches presents. Top pointed. 100% of bark remaining. Intact Sapwood presence and sound, incipient decay, hard, original color. Heartwood sound, hard, origonal color.",,,,,,,burn3d,Burnpro3d,ind,Independence Lake (IND),pre,Prefire,41,CATNF_0041_20240814_1,2024-08-14,08:48,733508,4371447,26910,"12,98 east",11.3,12.0,61.0,True,376.0,,,,,80,10.6,4a44a78d-ddfa-4773-bd30-e44a8de7a8f8,ef025cf7-130c-4dff-8f66-1da10ac38a30.jpeg,482786e2-16ac-456a-b1b2-05797800db6c,e7d3d17a-5fba-4da1-9c5d-8393825949fe.jpeg,0332837b-1803-4484-a93d-e84cae9175f5,312bea84-44bf-4673-8d28-94cda00bd94a.jpeg,18dc38ef-7ce7-47d9-8fa4-5ea1eaa94723,38b7aab8-8b5d-4186-98c7-d1de3a1d79b3.jpeg,0,Unburned,,,,Moved plot center within 10m for lidar. Coordinates here are up to date.,1,4.37,1,0,94,0,0,0,1,5,0,100,1,80,30,2,30,30,1,3.0,Abigail
203,41_pre_ind_burn3d,29,402,Live,Live,,False,9.0,,,,,,,,,,burn3d,Burnpro3d,ind,Independence Lake (IND),pre,Prefire,41,CATNF_0041_20240814_1,2024-08-14,08:48,733508,4371447,26910,"12,98 east",11.3,12.0,61.0,True,376.0,,,,,80,10.6,4a44a78d-ddfa-4773-bd30-e44a8de7a8f8,ef025cf7-130c-4dff-8f66-1da10ac38a30.jpeg,482786e2-16ac-456a-b1b2-05797800db6c,e7d3d17a-5fba-4da1-9c5d-8393825949fe.jpeg,0332837b-1803-4484-a93d-e84cae9175f5,312bea84-44bf-4673-8d28-94cda00bd94a.jpeg,18dc38ef-7ce7-47d9-8fa4-5ea1eaa94723,38b7aab8-8b5d-4186-98c7-d1de3a1d79b3.jpeg,0,Unburned,,,,Moved plot center within 10m for lidar. Coordinates here are up to date.,1,4.37,1,0,94,0,0,0,1,5,0,100,1,80,30,2,30,30,1,3.0,Abigail
204,49_pre_ind_burn3d,1,354,Live,Live,,False,21.0,,,,,,,,,Witness tree,burn3d,Burnpro3d,ind,Independence Lake (IND),pre,Prefire,49,CATNF_0049_20240813_1,2024-08-13,14:01,733039,4370762,26910,"12,98 east",11.3,7.0,168.0,True,354.0,,,,,8,8.0,2b5e67a4-8cc1-43fa-9979-32852fbbf091,e34983fa-2169-4f4d-85d8-3d1554bc053d.jpeg,1464ae06-44ea-47a4-ba92-1d1e63d84525,5c6bb161-b3b4-4294-8ac0-2f407695476e.jpeg,e5a56e26-0687-4437-8d49-441621013d9b,5665c6ab-67c1-4c26-9340-d99c0734b90e.jpeg,e062b466-0fa1-4be7-b461-ebf0beca3b5f,cb71dc60-61a8-47c1-94c0-d7c1827d8952.jpeg,0,Unburned,,,,,1,4.37,1,3,94,0,0,1,1,1,0,100,1,55,5,0,10,40,1,3.0,Abigail
205,49_pre_ind_burn3d,2,A,Dead,Dead,,False,5.0,,2.0,"2. Few limbs, no fine brances. Top bronken. Percentatge of bark remaining variable. Sloughing sapwood presence and advanced decay, fibrous, firm to soft, light brown. Heartwood soud at base, incipient decay in outer edge of upper bole, hard, light to red brown.",,,,,,,burn3d,Burnpro3d,ind,Independence Lake (IND),pre,Prefire,49,CATNF_0049_20240813_1,2024-08-13,14:01,733039,4370762,26910,"12,98 east",11.3,7.0,168.0,True,354.0,,,,,8,8.0,2b5e67a4-8cc1-43fa-9979-32852fbbf091,e34983fa-2169-4f4d-85d8-3d1554bc053d.jpeg,1464ae06-44ea-47a4-ba92-1d1e63d84525,5c6bb161-b3b4-4294-8ac0-2f407695476e.jpeg,e5a56e26-0687-4437-8d49-441621013d9b,5665c6ab-67c1-4c26-9340-d99c0734b90e.jpeg,e062b466-0fa1-4be7-b461-ebf0beca3b5f,cb71dc60-61a8-47c1-94c0-d7c1827d8952.jpeg,0,Unburned,,,,,1,4.37,1,3,94,0,0,1,1,1,0,100,1,55,5,0,10,40,1,3.0,Abigail
206,49_pre_ind_burn3d,3,355,Live,Live,,False,27.0,,,,,,,,,,burn3d,Burnpro3d,ind,Independence Lake (IND),pre,Prefire,49,CATNF_0049_20240813_1,2024-08-13,14:01,733039,4370762,26910,"12,98 east",11.3,7.0,168.0,True,354.0,,,,,8,8.0,2b5e67a4-8cc1-43fa-9979-32852fbbf091,e34983fa-2169-4f4d-85d8-3d1554bc053d.jpeg,1464ae06-44ea-47a4-ba92-1d1e63d84525,5c6bb161-b3b4-4294-8ac0-2f407695476e.jpeg,e5a56e26-0687-4437-8d49-441621013d9b,5665c6ab-67c1-4c26-9340-d99c0734b90e.jpeg,e062b466-0fa1-4be7-b461-ebf0beca3b5f,cb71dc60-61a8-47c1-94c0-d7c1827d8952.jpeg,0,Unburned,,,,,1,4.37,1,3,94,0,0,1,1,1,0,100,1,55,5,0,10,40,1,3.0,Abigail
207,49_pre_ind_burn3d,4,356,Live,Live,,False,21.4,,,,,,,,,,burn3d,Burnpro3d,ind,Independence Lake (IND),pre,Prefire,49,CATNF_0049_20240813_1,2024-08-13,14:01,733039,4370762,26910,"12,98 east",11.3,7.0,168.0,True,354.0,,,,,8,8.0,2b5e67a4-8cc1-43fa-9979-32852fbbf091,e34983fa-2169-4f4d-85d8-3d1554bc053d.jpeg,1464ae06-44ea-47a4-ba92-1d1e63d84525,5c6bb161-b3b4-4294-8ac0-2f407695476e.jpeg,e5a56e26-0687-4437-8d49-441621013d9b,5665c6ab-67c1-4c26-9340-d99c0734b90e.jpeg,e062b466-0fa1-4be7-b461-ebf0beca3b5f,cb71dc60-61a8-47c1-94c0-d7c1827d8952.jpeg,0,Unburned,,,,,1,4.37,1,3,94,0,0,1,1,1,0,100,1,55,5,0,10,40,1,3.0,Abigail
211,49_pre_ind_burn3d,8,360,Live,Live,,False,21.1,,,,,,,,,,burn3d,Burnpro3d,ind,Independence Lake (IND),pre,Prefire,49,CATNF_0049_20240813_1,2024-08-13,14:01,733039,4370762,26910,"12,98 east",11.3,7.0,168.0,True,354.0,,,,,8,8.0,2b5e67a4-8cc1-43fa-9979-32852fbbf091,e34983fa-2169-4f4d-85d8-3d1554bc053d.jpeg,1464ae06-44ea-47a4-ba92-1d1e63d84525,5c6bb161-b3b4-4294-8ac0-2f407695476e.jpeg,e5a56e26-0687-4437-8d49-441621013d9b,5665c6ab-67c1-4c26-9340-d99c0734b90e.jpeg,e062b466-0fa1-4be7-b461-ebf0beca3b5f,cb71dc60-61a8-47c1-94c0-d7c1827d8952.jpeg,0,Unburned,,,,,1,4.37,1,3,94,0,0,1,1,1,0,100,1,55,5,0,10,40,1,3.0,Abigail
212,49_pre_ind_burn3d,9,361,Live,Live,,False,7.0,,,,,,,,,,burn3d,Burnpro3d,ind,Independence Lake (IND),pre,Prefire,49,CATNF_0049_20240813_1,2024-08-13,14:01,733039,4370762,26910,"12,98 east",11.3,7.0,168.0,True,354.0,,,,,8,8.0,2b5e67a4-8cc1-43fa-9979-32852fbbf091,e34983fa-2169-4f4d-85d8-3d1554bc053d.jpeg,1464ae06-44ea-47a4-ba92-1d1e63d84525,5c6bb161-b3b4-4294-8ac0-2f407695476e.jpeg,e5a56e26-0687-4437-8d49-441621013d9b,5665c6ab-67c1-4c26-9340-d99c0734b90e.jpeg,e062b466-0fa1-4be7-b461-ebf0beca3b5f,cb71dc60-61a8-47c1-94c0-d7c1827d8952.jpeg,0,Unburned,,,,,1,4.37,1,3,94,0,0,1,1,1,0,100,1,55,5,0,10,40,1,3.0,Abigail
213,49_pre_ind_burn3d,10,362,Live,Live,,False,22.0,,,,,,,,,,burn3d,Burnpro3d,ind,Independence Lake (IND),pre,Prefire,49,CATNF_0049_20240813_1,2024-08-13,14:01,733039,4370762,26910,"12,98 east",11.3,7.0,168.0,True,354.0,,,,,8,8.0,2b5e67a4-8cc1-43fa-9979-32852fbbf091,e34983fa-2169-4f4d-85d8-3d1554bc053d.jpeg,1464ae06-44ea-47a4-ba92-1d1e63d84525,5c6bb161-b3b4-4294-8ac0-2f407695476e.jpeg,e5a56e26-0687-4437-8d49-441621013d9b,5665c6ab-67c1-4c26-9340-d99c0734b90e.jpeg,e062b466-0fa1-4be7-b461-ebf0beca3b5f,cb71dc60-61a8-47c1-94c0-d7c1827d8952.jpeg,0,Unburned,,,,,1,4.37,1,3,94,0,0,1,1,1,0,100,1,55,5,0,10,40,1,3.0,Abigail
214,48_pre_ind_burn3d,1,337,Live,Live,,False,24.0,,,,,,,,,,burn3d,Burnpro3d,ind,Independence Lake (IND),pre,Prefire,48,CATNF_0048_20240813_1,2024-08-13,11:47,733194,4370893,26910,"12,98 east",11.3,14.0,126.0,True,337.0,,,,,42,10.8,bc267c1a-ce57-49be-99e5-bd19e352aa13,7128545b-06ed-4c4c-854a-9590749c8293.jpeg,45212527-2da2-4522-af4c-56cbd3416722,ecc67296-c91d-49b8-8504-6e6083c16068.jpeg,860a6921-b6c3-40eb-8db2-61d52b185b67,0d264b7e-5a11-45a0-85a3-296ee748cb98.jpeg,9de82e64-1f2a-4b2a-8ae6-462d3f3fd76d,8afe8933-cda9-48fa-bae0-3821f896c857.jpeg,0,Unburned,,,,,1,4.37,1,5,86,0,0,3,3,3,0,100,1,55,45,0,0,10,1,3.0,Abigail
215,48_pre_ind_burn3d,2,338,Live,Live,,False,24.0,,,,,,,,,,burn3d,Burnpro3d,ind,Independence Lake (IND),pre,Prefire,48,CATNF_0048_20240813_1,2024-08-13,11:47,733194,4370893,26910,"12,98 east",11.3,14.0,126.0,True,337.0,,,,,42,10.8,bc267c1a-ce57-49be-99e5-bd19e352aa13,7128545b-06ed-4c4c-854a-9590749c8293.jpeg,45212527-2da2-4522-af4c-56cbd3416722,ecc67296-c91d-49b8-8504-6e6083c16068.jpeg,860a6921-b6c3-40eb-8db2-61d52b185b67,0d264b7e-5a11-45a0-85a3-296ee748cb98.jpeg,9de82e64-1f2a-4b2a-8ae6-462d3f3fd76d,8afe8933-cda9-48fa-bae0-3821f896c857.jpeg,0,Unburned,,,,,1,4.37,1,5,86,0,0,3,3,3,0,100,1,55,45,0,0,10,1,3.0,Abigail
216,48_pre_ind_burn3d,3,339,Live,Live,,False,22.0,,,,,,,,,,burn3d,Burnpro3d,ind,Independence Lake (IND),pre,Prefire,48,CATNF_0048_20240813_1,2024-08-13,11:47,733194,4370893,26910,"12,98 east",11.3,14.0,126.0,True,337.0,,,,,42,10.8,bc267c1a-ce57-49be-99e5-bd19e352aa13,7128545b-06ed-4c4c-854a-9590749c8293.jpeg,45212527-2da2-4522-af4c-56cbd3416722,ecc67296-c91d-49b8-8504-6e6083c16068.jpeg,860a6921-b6c3-40eb-8db2-61d52b185b67,0d264b7e-5a11-45a0-85a3-296ee748cb98.jpeg,9de82e64-1f2a-4b2a-8ae6-462d3f3fd76d,8afe8933-cda9-48fa-bae0-3821f896c857.jpeg,0,Unburned,,,,,1,4.37,1,5,86,0,0,3,3,3,0,100,1,55,45,0,0,10,1,3.0,Abigail
217,48_pre_ind_burn3d,4,340,Live,Live,,False,28.0,,,,,,,,,,burn3d,Burnpro3d,ind,Independence Lake (IND),pre,Prefire,48,CATNF_0048_20240813_1,2024-08-13,11:47,733194,4370893,26910,"12,98 east",11.3,14.0,126.0,True,337.0,,,,,42,10.8,bc267c1a-ce57-49be-99e5-bd19e352aa13,7128545b-06ed-4c4c-854a-9590749c8293.jpeg,45212527-2da2-4522-af4c-56cbd3416722,ecc67296-c91d-49b8-8504-6e6083c16068.jpeg,860a6921-b6c3-40eb-8db2-61d52b185b67,0d264b7e-5a11-45a0-85a3-296ee748cb98.jpeg,9de82e64-1f2a-4b2a-8ae6-462d3f3fd76d,8afe8933-cda9-48fa-bae0-3821f896c857.jpeg,0,Unburned,,,,,1,4.37,1,5,86,0,0,3,3,3,0,100,1,55,45,0,0,10,1,3.0,Abigail
218,48_pre_ind_burn3d,5,341,Live,Live,,False,17.0,,,,,,,,,,burn3d,Burnpro3d,ind,Independence Lake (IND),pre,Prefire,48,CATNF_0048_20240813_1,2024-08-13,11:47,733194,4370893,26910,"12,98 east",11.3,14.0,126.0,True,337.0,,,,,42,10.8,bc267c1a-ce57-49be-99e5-bd19e352aa13,7128545b-06ed-4c4c-854a-9590749c8293.jpeg,45212527-2da2-4522-af4c-56cbd3416722,ecc67296-c91d-49b8-8504-6e6083c16068.jpeg,860a6921-b6c3-40eb-8db2-61d52b185b67,0d264b7e-5a11-45a0-85a3-296ee748cb98.jpeg,9de82e64-1f2a-4b2a-8ae6-462d3f3fd76d,8afe8933-cda9-48fa-bae0-3821f896c857.jpeg,0,Unburned,,,,,1,4.37,1,5,86,0,0,3,3,3,0,100,1,55,45,0,0,10,1,3.0,Abigail
221,48_pre_ind_burn3d,8,344,Live,Live,,False,27.0,,,,,,,,,,burn3d,Burnpro3d,ind,Independence Lake (IND),pre,Prefire,48,CATNF_0048_20240813_1,2024-08-13,11:47,733194,4370893,26910,"12,98 east",11.3,14.0,126.0,True,337.0,,,,,42,10.8,bc267c1a-ce57-49be-99e5-bd19e352aa13,7128545b-06ed-4c4c-854a-9590749c8293.jpeg,45212527-2da2-4522-af4c-56cbd3416722,ecc67296-c91d-49b8-8504-6e6083c16068.jpeg,860a6921-b6c3-40eb-8db2-61d52b185b67,0d264b7e-5a11-45a0-85a3-296ee748cb98.jpeg,9de82e64-1f2a-4b2a-8ae6-462d3f3fd76d,8afe8933-cda9-48fa-bae0-3821f896c857.jpeg,0,Unburned,,,,,1,4.37,1,5,86,0,0,3,3,3,0,100,1,55,45,0,0,10,1,3.0,Abigail
222,48_pre_ind_burn3d,9,345,Live,Live,,False,21.0,,,,,,,,,,burn3d,Burnpro3d,ind,Independence Lake (IND),pre,Prefire,48,CATNF_0048_20240813_1,2024-08-13,11:47,733194,4370893,26910,"12,98 east",11.3,14.0,126.0,True,337.0,,,,,42,10.8,bc267c1a-ce57-49be-99e5-bd19e352aa13,7128545b-06ed-4c4c-854a-9590749c8293.jpeg,45212527-2da2-4522-af4c-56cbd3416722,ecc67296-c91d-49b8-8504-6e6083c16068.jpeg,860a6921-b6c3-40eb-8db2-61d52b185b67,0d264b7e-5a11-45a0-85a3-296ee748cb98.jpeg,9de82e64-1f2a-4b2a-8ae6-462d3f3fd76d,8afe8933-cda9-48fa-bae0-3821f896c857.jpeg,0,Unburned,,,,,1,4.37,1,5,86,0,0,3,3,3,0,100,1,55,45,0,0,10,1,3.0,Abigail
224,48_pre_ind_burn3d,11,347,Live,Live,,False,23.0,,,,,,,,,,burn3d,Burnpro3d,ind,Independence Lake (IND),pre,Prefire,48,CATNF_0048_20240813_1,2024-08-13,11:47,733194,4370893,26910,"12,98 east",11.3,14.0,126.0,True,337.0,,,,,42,10.8,bc267c1a-ce57-49be-99e5-bd19e352aa13,7128545b-06ed-4c4c-854a-9590749c8293.jpeg,45212527-2da2-4522-af4c-56cbd3416722,ecc67296-c91d-49b8-8504-6e6083c16068.jpeg,860a6921-b6c3-40eb-8db2-61d52b185b67,0d264b7e-5a11-45a0-85a3-296ee748cb98.jpeg,9de82e64-1f2a-4b2a-8ae6-462d3f3fd76d,8afe8933-cda9-48fa-bae0-3821f896c857.jpeg,0,Unburned,,,,,1,4.37,1,5,86,0,0,3,3,3,0,100,1,55,45,0,0,10,1,3.0,Abigail
226,48_pre_ind_burn3d,13,349,Live,Live,,False,21.0,,,,,,,,,,burn3d,Burnpro3d,ind,Independence Lake (IND),pre,Prefire,48,CATNF_0048_20240813_1,2024-08-13,11:47,733194,4370893,26910,"12,98 east",11.3,14.0,126.0,True,337.0,,,,,42,10.8,bc267c1a-ce57-49be-99e5-bd19e352aa13,7128545b-06ed-4c4c-854a-9590749c8293.jpeg,45212527-2da2-4522-af4c-56cbd3416722,ecc67296-c91d-49b8-8504-6e6083c16068.jpeg,860a6921-b6c3-40eb-8db2-61d52b185b67,0d264b7e-5a11-45a0-85a3-296ee748cb98.jpeg,9de82e64-1f2a-4b2a-8ae6-462d3f3fd76d,8afe8933-cda9-48fa-bae0-3821f896c857.jpeg,0,Unburned,,,,,1,4.37,1,5,86,0,0,3,3,3,0,100,1,55,45,0,0,10,1,3.0,Abigail
228,48_pre_ind_burn3d,15,351,Live,Live,,False,18.0,,,,,,,,,,burn3d,Burnpro3d,ind,Independence Lake (IND),pre,Prefire,48,CATNF_0048_20240813_1,2024-08-13,11:47,733194,4370893,26910,"12,98 east",11.3,14.0,126.0,True,337.0,,,,,42,10.8,bc267c1a-ce57-49be-99e5-bd19e352aa13,7128545b-06ed-4c4c-854a-9590749c8293.jpeg,45212527-2da2-4522-af4c-56cbd3416722,ecc67296-c91d-49b8-8504-6e6083c16068.jpeg,860a6921-b6c3-40eb-8db2-61d52b185b67,0d264b7e-5a11-45a0-85a3-296ee748cb98.jpeg,9de82e64-1f2a-4b2a-8ae6-462d3f3fd76d,8afe8933-cda9-48fa-bae0-3821f896c857.jpeg,0,Unburned,,,,,1,4.37,1,5,86,0,0,3,3,3,0,100,1,55,45,0,0,10,1,3.0,Abigail
229,48_pre_ind_burn3d,16,352,Live,Live,,False,27.0,,,,,,,,,,burn3d,Burnpro3d,ind,Independence Lake (IND),pre,Prefire,48,CATNF_0048_20240813_1,2024-08-13,11:47,733194,4370893,26910,"12,98 east",11.3,14.0,126.0,True,337.0,,,,,42,10.8,bc267c1a-ce57-49be-99e5-bd19e352aa13,7128545b-06ed-4c4c-854a-9590749c8293.jpeg,45212527-2da2-4522-af4c-56cbd3416722,ecc67296-c91d-49b8-8504-6e6083c16068.jpeg,860a6921-b6c3-40eb-8db2-61d52b185b67,0d264b7e-5a11-45a0-85a3-296ee748cb98.jpeg,9de82e64-1f2a-4b2a-8ae6-462d3f3fd76d,8afe8933-cda9-48fa-bae0-3821f896c857.jpeg,0,Unburned,,,,,1,4.37,1,5,86,0,0,3,3,3,0,100,1,55,45,0,0,10,1,3.0,Abigail
230,48_pre_ind_burn3d,17,353,Live,Live,,False,24.0,,,,,,,,,,burn3d,Burnpro3d,ind,Independence Lake (IND),pre,Prefire,48,CATNF_0048_20240813_1,2024-08-13,11:47,733194,4370893,26910,"12,98 east",11.3,14.0,126.0,True,337.0,,,,,42,10.8,bc267c1a-ce57-49be-99e5-bd19e352aa13,7128545b-06ed-4c4c-854a-9590749c8293.jpeg,45212527-2da2-4522-af4c-56cbd3416722,ecc67296-c91d-49b8-8504-6e6083c16068.jpeg,860a6921-b6c3-40eb-8db2-61d52b185b67,0d264b7e-5a11-45a0-85a3-296ee748cb98.jpeg,9de82e64-1f2a-4b2a-8ae6-462d3f3fd76d,8afe8933-cda9-48fa-bae0-3821f896c857.jpeg,0,Unburned,,,,,1,4.37,1,5,86,0,0,3,3,3,0,100,1,55,45,0,0,10,1,3.0,Abigail
232,50_pre_ind_burn3d,2,157,Live,Live,,False,4.0,,,,,,,,,,burn3d,Burnpro3d,ind,Independence Lake (IND),pre,Prefire,50,CATNF_0050_20240813_1,2024-08-12,15:52,733166,4370640,26910,"12,98 east",11.3,6.0,57.0,True,156.0,,,,,5,10.1,f5009b27-9f4f-4331-af8f-39e845a89d58,5dd82e23-b537-4d50-931e-790c22f09798.jpeg,465b1451-a20d-4006-a981-d40a7fa8ccff,b4bb08f6-08a8-46fd-8b29-015826c1fd82.jpeg,0ed7a7d3-f870-4271-b70b-3fe53a728a60,a73fce5d-cff4-408c-b359-59c18ec83cb4.jpeg,23f5e7b7-51d6-4123-9b20-ab2f513764f0,9759ca78-78ef-4e1e-944d-a59fb8d97858.jpeg,0,Unburned,,,,,1,4.37,1,3,69,0,3,5,15,5,0,100,1,75,60,10,0,5,1,3.0,Abigail
233,50_pre_ind_burn3d,3,158,Live,Live,,False,12.0,,,,,,,,,,burn3d,Burnpro3d,ind,Independence Lake (IND),pre,Prefire,50,CATNF_0050_20240813_1,2024-08-12,15:52,733166,4370640,26910,"12,98 east",11.3,6.0,57.0,True,156.0,,,,,5,10.1,f5009b27-9f4f-4331-af8f-39e845a89d58,5dd82e23-b537-4d50-931e-790c22f09798.jpeg,465b1451-a20d-4006-a981-d40a7fa8ccff,b4bb08f6-08a8-46fd-8b29-015826c1fd82.jpeg,0ed7a7d3-f870-4271-b70b-3fe53a728a60,a73fce5d-cff4-408c-b359-59c18ec83cb4.jpeg,23f5e7b7-51d6-4123-9b20-ab2f513764f0,9759ca78-78ef-4e1e-944d-a59fb8d97858.jpeg,0,Unburned,,,,,1,4.37,1,3,69,0,3,5,15,5,0,100,1,75,60,10,0,5,1,3.0,Abigail
235,50_pre_ind_burn3d,5,160,Live,Live,,False,13.0,,,,,,,,,,burn3d,Burnpro3d,ind,Independence Lake (IND),pre,Prefire,50,CATNF_0050_20240813_1,2024-08-12,15:52,733166,4370640,26910,"12,98 east",11.3,6.0,57.0,True,156.0,,,,,5,10.1,f5009b27-9f4f-4331-af8f-39e845a89d58,5dd82e23-b537-4d50-931e-790c22f09798.jpeg,465b1451-a20d-4006-a981-d40a7fa8ccff,b4bb08f6-08a8-46fd-8b29-015826c1fd82.jpeg,0ed7a7d3-f870-4271-b70b-3fe53a728a60,a73fce5d-cff4-408c-b359-59c18ec83cb4.jpeg,23f5e7b7-51d6-4123-9b20-ab2f513764f0,9759ca78-78ef-4e1e-944d-a59fb8d97858.jpeg,0,Unburned,,,,,1,4.37,1,3,69,0,3,5,15,5,0,100,1,75,60,10,0,5,1,3.0,Abigail
236,50_pre_ind_burn3d,6,161,Live,Live,,False,14.0,,,,,,,,,,burn3d,Burnpro3d,ind,Independence Lake (IND),pre,Prefire,50,CATNF_0050_20240813_1,2024-08-12,15:52,733166,4370640,26910,"12,98 east",11.3,6.0,57.0,True,156.0,,,,,5,10.1,f5009b27-9f4f-4331-af8f-39e845a89d58,5dd82e23-b537-4d50-931e-790c22f09798.jpeg,465b1451-a20d-4006-a981-d40a7fa8ccff,b4bb08f6-08a8-46fd-8b29-015826c1fd82.jpeg,0ed7a7d3-f870-4271-b70b-3fe53a728a60,a73fce5d-cff4-408c-b359-59c18ec83cb4.jpeg,23f5e7b7-51d6-4123-9b20-ab2f513764f0,9759ca78-78ef-4e1e-944d-a59fb8d97858.jpeg,0,Unburned,,,,,1,4.37,1,3,69,0,3,5,15,5,0,100,1,75,60,10,0,5,1,3.0,Abigail
237,50_pre_ind_burn3d,7,A,Dead,Dead,,False,4.0,,1.0,"1. All limbs and branches presents. Top pointed. 100% of bark remaining. Intact Sapwood presence and sound, incipient decay, hard, original color. Heartwood sound, hard, origonal color.",,,,,,,burn3d,Burnpro3d,ind,Independence Lake (IND),pre,Prefire,50,CATNF_0050_20240813_1,2024-08-12,15:52,733166,4370640,26910,"12,98 east",11.3,6.0,57.0,True,156.0,,,,,5,10.1,f5009b27-9f4f-4331-af8f-39e845a89d58,5dd82e23-b537-4d50-931e-790c22f09798.jpeg,465b1451-a20d-4006-a981-d40a7fa8ccff,b4bb08f6-08a8-46fd-8b29-015826c1fd82.jpeg,0ed7a7d3-f870-4271-b70b-3fe53a728a60,a73fce5d-cff4-408c-b359-59c18ec83cb4.jpeg,23f5e7b7-51d6-4123-9b20-ab2f513764f0,9759ca78-78ef-4e1e-944d-a59fb8d97858.jpeg,0,Unburned,,,,,1,4.37,1,3,69,0,3,5,15,5,0,100,1,75,60,10,0,5,1,3.0,Abigail
238,50_pre_ind_burn3d,8,162,Live,Live,,False,10.1,,,,,,,,,,burn3d,Burnpro3d,ind,Independence Lake (IND),pre,Prefire,50,CATNF_0050_20240813_1,2024-08-12,15:52,733166,4370640,26910,"12,98 east",11.3,6.0,57.0,True,156.0,,,,,5,10.1,f5009b27-9f4f-4331-af8f-39e845a89d58,5dd82e23-b537-4d50-931e-790c22f09798.jpeg,465b1451-a20d-4006-a981-d40a7fa8ccff,b4bb08f6-08a8-46fd-8b29-015826c1fd82.jpeg,0ed7a7d3-f870-4271-b70b-3fe53a728a60,a73fce5d-cff4-408c-b359-59c18ec83cb4.jpeg,23f5e7b7-51d6-4123-9b20-ab2f513764f0,9759ca78-78ef-4e1e-944d-a59fb8d97858.jpeg,0,Unburned,,,,,1,4.37,1,3,69,0,3,5,15,5,0,100,1,75,60,10,0,5,1,3.0,Abigail
239,50_pre_ind_burn3d,9,163,Live,Live,,False,10.0,,,,,,,,,,burn3d,Burnpro3d,ind,Independence Lake (IND),pre,Prefire,50,CATNF_0050_20240813_1,2024-08-12,15:52,733166,4370640,26910,"12,98 east",11.3,6.0,57.0,True,156.0,,,,,5,10.1,f5009b27-9f4f-4331-af8f-39e845a89d58,5dd82e23-b537-4d50-931e-790c22f09798.jpeg,465b1451-a20d-4006-a981-d40a7fa8ccff,b4bb08f6-08a8-46fd-8b29-015826c1fd82.jpeg,0ed7a7d3-f870-4271-b70b-3fe53a728a60,a73fce5d-cff4-408c-b359-59c18ec83cb4.jpeg,23f5e7b7-51d6-4123-9b20-ab2f513764f0,9759ca78-78ef-4e1e-944d-a59fb8d97858.jpeg,0,Unburned,,,,,1,4.37,1,3,69,0,3,5,15,5,0,100,1,75,60,10,0,5,1,3.0,Abigail
240,50_pre_ind_burn3d,10,164,Live,Live,,False,14.0,,,,,,,,,,burn3d,Burnpro3d,ind,Independence Lake (IND),pre,Prefire,50,CATNF_0050_20240813_1,2024-08-12,15:52,733166,4370640,26910,"12,98 east",11.3,6.0,57.0,True,156.0,,,,,5,10.1,f5009b27-9f4f-4331-af8f-39e845a89d58,5dd82e23-b537-4d50-931e-790c22f09798.jpeg,465b1451-a20d-4006-a981-d40a7fa8ccff,b4bb08f6-08a8-46fd-8b29-015826c1fd82.jpeg,0ed7a7d3-f870-4271-b70b-3fe53a728a60,a73fce5d-cff4-408c-b359-59c18ec83cb4.jpeg,23f5e7b7-51d6-4123-9b20-ab2f513764f0,9759ca78-78ef-4e1e-944d-a59fb8d97858.jpeg,0,Unburned,,,,,1,4.37,1,3,69,0,3,5,15,5,0,100,1,75,60,10,0,5,1,3.0,Abigail
241,50_pre_ind_burn3d,11,165,Live,Live,,False,14.0,,,,,,,,,,burn3d,Burnpro3d,ind,Independence Lake (IND),pre,Prefire,50,CATNF_0050_20240813_1,2024-08-12,15:52,733166,4370640,26910,"12,98 east",11.3,6.0,57.0,True,156.0,,,,,5,10.1,f5009b27-9f4f-4331-af8f-39e845a89d58,5dd82e23-b537-4d50-931e-790c22f09798.jpeg,465b1451-a20d-4006-a981-d40a7fa8ccff,b4bb08f6-08a8-46fd-8b29-015826c1fd82.jpeg,0ed7a7d3-f870-4271-b70b-3fe53a728a60,a73fce5d-cff4-408c-b359-59c18ec83cb4.jpeg,23f5e7b7-51d6-4123-9b20-ab2f513764f0,9759ca78-78ef-4e1e-944d-a59fb8d97858.jpeg,0,Unburned,,,,,1,4.37,1,3,69,0,3,5,15,5,0,100,1,75,60,10,0,5,1,3.0,Abigail
243,50_pre_ind_burn3d,13,167,Live,Live,,False,14.0,,,,,,,,,,burn3d,Burnpro3d,ind,Independence Lake (IND),pre,Prefire,50,CATNF_0050_20240813_1,2024-08-12,15:52,733166,4370640,26910,"12,98 east",11.3,6.0,57.0,True,156.0,,,,,5,10.1,f5009b27-9f4f-4331-af8f-39e845a89d58,5dd82e23-b537-4d50-931e-790c22f09798.jpeg,465b1451-a20d-4006-a981-d40a7fa8ccff,b4bb08f6-08a8-46fd-8b29-015826c1fd82.jpeg,0ed7a7d3-f870-4271-b70b-3fe53a728a60,a73fce5d-cff4-408c-b359-59c18ec83cb4.jpeg,23f5e7b7-51d6-4123-9b20-ab2f513764f0,9759ca78-78ef-4e1e-944d-a59fb8d97858.jpeg,0,Unburned,,,,,1,4.37,1,3,69,0,3,5,15,5,0,100,1,75,60,10,0,5,1,3.0,Abigail
244,50_pre_ind_burn3d,14,168,Live,Live,,False,13.5,,,,,,,,,,burn3d,Burnpro3d,ind,Independence Lake (IND),pre,Prefire,50,CATNF_0050_20240813_1,2024-08-12,15:52,733166,4370640,26910,"12,98 east",11.3,6.0,57.0,True,156.0,,,,,5,10.1,f5009b27-9f4f-4331-af8f-39e845a89d58,5dd82e23-b537-4d50-931e-790c22f09798.jpeg,465b1451-a20d-4006-a981-d40a7fa8ccff,b4bb08f6-08a8-46fd-8b29-015826c1fd82.jpeg,0ed7a7d3-f870-4271-b70b-3fe53a728a60,a73fce5d-cff4-408c-b359-59c18ec83cb4.jpeg,23f5e7b7-51d6-4123-9b20-ab2f513764f0,9759ca78-78ef-4e1e-944d-a59fb8d97858.jpeg,0,Unburned,,,,,1,4.37,1,3,69,0,3,5,15,5,0,100,1,75,60,10,0,5,1,3.0,Abigail
245,50_pre_ind_burn3d,15,169,Live,Live,,False,13.5,,,,,,,,,,burn3d,Burnpro3d,ind,Independence Lake (IND),pre,Prefire,50,CATNF_0050_20240813_1,2024-08-12,15:52,733166,4370640,26910,"12,98 east",11.3,6.0,57.0,True,156.0,,,,,5,10.1,f5009b27-9f4f-4331-af8f-39e845a89d58,5dd82e23-b537-4d50-931e-790c22f09798.jpeg,465b1451-a20d-4006-a981-d40a7fa8ccff,b4bb08f6-08a8-46fd-8b29-015826c1fd82.jpeg,0ed7a7d3-f870-4271-b70b-3fe53a728a60,a73fce5d-cff4-408c-b359-59c18ec83cb4.jpeg,23f5e7b7-51d6-4123-9b20-ab2f513764f0,9759ca78-78ef-4e1e-944d-a59fb8d97858.jpeg,0,Unburned,,,,,1,4.37,1,3,69,0,3,5,15,5,0,100,1,75,60,10,0,5,1,3.0,Abigail
246,50_pre_ind_burn3d,16,170,Live,Live,,False,12.0,,,,,,,,,,burn3d,Burnpro3d,ind,Independence Lake (IND),pre,Prefire,50,CATNF_0050_20240813_1,2024-08-12,15:52,733166,4370640,26910,"12,98 east",11.3,6.0,57.0,True,156.0,,,,,5,10.1,f5009b27-9f4f-4331-af8f-39e845a89d58,5dd82e23-b537-4d50-931e-790c22f09798.jpeg,465b1451-a20d-4006-a981-d40a7fa8ccff,b4bb08f6-08a8-46fd-8b29-015826c1fd82.jpeg,0ed7a7d3-f870-4271-b70b-3fe53a728a60,a73fce5d-cff4-408c-b359-59c18ec83cb4.jpeg,23f5e7b7-51d6-4123-9b20-ab2f513764f0,9759ca78-78ef-4e1e-944d-a59fb8d97858.jpeg,0,Unburned,,,,,1,4.37,1,3,69,0,3,5,15,5,0,100,1,75,60,10,0,5,1,3.0,Abigail
248,50_pre_ind_burn3d,18,172,Live,Live,,False,14.0,,,,,,,,,,burn3d,Burnpro3d,ind,Independence Lake (IND),pre,Prefire,50,CATNF_0050_20240813_1,2024-08-12,15:52,733166,4370640,26910,"12,98 east",11.3,6.0,57.0,True,156.0,,,,,5,10.1,f5009b27-9f4f-4331-af8f-39e845a89d58,5dd82e23-b537-4d50-931e-790c22f09798.jpeg,465b1451-a20d-4006-a981-d40a7fa8ccff,b4bb08f6-08a8-46fd-8b29-015826c1fd82.jpeg,0ed7a7d3-f870-4271-b70b-3fe53a728a60,a73fce5d-cff4-408c-b359-59c18ec83cb4.jpeg,23f5e7b7-51d6-4123-9b20-ab2f513764f0,9759ca78-78ef-4e1e-944d-a59fb8d97858.jpeg,0,Unburned,,,,,1,4.37,1,3,69,0,3,5,15,5,0,100,1,75,60,10,0,5,1,3.0,Abigail
249,50_pre_ind_burn3d,19,173,Live,Live,,False,12.0,,,,,,,,,,burn3d,Burnpro3d,ind,Independence Lake (IND),pre,Prefire,50,CATNF_0050_20240813_1,2024-08-12,15:52,733166,4370640,26910,"12,98 east",11.3,6.0,57.0,True,156.0,,,,,5,10.1,f5009b27-9f4f-4331-af8f-39e845a89d58,5dd82e23-b537-4d50-931e-790c22f09798.jpeg,465b1451-a20d-4006-a981-d40a7fa8ccff,b4bb08f6-08a8-46fd-8b29-015826c1fd82.jpeg,0ed7a7d3-f870-4271-b70b-3fe53a728a60,a73fce5d-cff4-408c-b359-59c18ec83cb4.jpeg,23f5e7b7-51d6-4123-9b20-ab2f513764f0,9759ca78-78ef-4e1e-944d-a59fb8d97858.jpeg,0,Unburned,,,,,1,4.37,1,3,69,0,3,5,15,5,0,100,1,75,60,10,0,5,1,3.0,Abigail
251,50_pre_ind_burn3d,21,175,Live,Live,,False,12.0,,,,,,,,,,burn3d,Burnpro3d,ind,Independence Lake (IND),pre,Prefire,50,CATNF_0050_20240813_1,2024-08-12,15:52,733166,4370640,26910,"12,98 east",11.3,6.0,57.0,True,156.0,,,,,5,10.1,f5009b27-9f4f-4331-af8f-39e845a89d58,5dd82e23-b537-4d50-931e-790c22f09798.jpeg,465b1451-a20d-4006-a981-d40a7fa8ccff,b4bb08f6-08a8-46fd-8b29-015826c1fd82.jpeg,0ed7a7d3-f870-4271-b70b-3fe53a728a60,a73fce5d-cff4-408c-b359-59c18ec83cb4.jpeg,23f5e7b7-51d6-4123-9b20-ab2f513764f0,9759ca78-78ef-4e1e-944d-a59fb8d97858.jpeg,0,Unburned,,,,,1,4.37,1,3,69,0,3,5,15,5,0,100,1,75,60,10,0,5,1,3.0,Abigail
252,50_pre_ind_burn3d,22,176,Live,Live,,False,12.0,,,,,,,,,,burn3d,Burnpro3d,ind,Independence Lake (IND),pre,Prefire,50,CATNF_0050_20240813_1,2024-08-12,15:52,733166,4370640,26910,"12,98 east",11.3,6.0,57.0,True,156.0,,,,,5,10.1,f5009b27-9f4f-4331-af8f-39e845a89d58,5dd82e23-b537-4d50-931e-790c22f09798.jpeg,465b1451-a20d-4006-a981-d40a7fa8ccff,b4bb08f6-08a8-46fd-8b29-015826c1fd82.jpeg,0ed7a7d3-f870-4271-b70b-3fe53a728a60,a73fce5d-cff4-408c-b359-59c18ec83cb4.jpeg,23f5e7b7-51d6-4123-9b20-ab2f513764f0,9759ca78-78ef-4e1e-944d-a59fb8d97858.jpeg,0,Unburned,,,,,1,4.37,1,3,69,0,3,5,15,5,0,100,1,75,60,10,0,5,1,3.0,Abigail
253,50_pre_ind_burn3d,23,177,Live,Live,,False,10.0,,,,,,,,,,burn3d,Burnpro3d,ind,Independence Lake (IND),pre,Prefire,50,CATNF_0050_20240813_1,2024-08-12,15:52,733166,4370640,26910,"12,98 east",11.3,6.0,57.0,True,156.0,,,,,5,10.1,f5009b27-9f4f-4331-af8f-39e845a89d58,5dd82e23-b537-4d50-931e-790c22f09798.jpeg,465b1451-a20d-4006-a981-d40a7fa8ccff,b4bb08f6-08a8-46fd-8b29-015826c1fd82.jpeg,0ed7a7d3-f870-4271-b70b-3fe53a728a60,a73fce5d-cff4-408c-b359-59c18ec83cb4.jpeg,23f5e7b7-51d6-4123-9b20-ab2f513764f0,9759ca78-78ef-4e1e-944d-a59fb8d97858.jpeg,0,Unburned,,,,,1,4.37,1,3,69,0,3,5,15,5,0,100,1,75,60,10,0,5,1,3.0,Abigail
254,50_pre_ind_burn3d,24,178,Live,Live,,False,12.0,,,,,,,,,,burn3d,Burnpro3d,ind,Independence Lake (IND),pre,Prefire,50,CATNF_0050_20240813_1,2024-08-12,15:52,733166,4370640,26910,"12,98 east",11.3,6.0,57.0,True,156.0,,,,,5,10.1,f5009b27-9f4f-4331-af8f-39e845a89d58,5dd82e23-b537-4d50-931e-790c22f09798.jpeg,465b1451-a20d-4006-a981-d40a7fa8ccff,b4bb08f6-08a8-46fd-8b29-015826c1fd82.jpeg,0ed7a7d3-f870-4271-b70b-3fe53a728a60,a73fce5d-cff4-408c-b359-59c18ec83cb4.jpeg,23f5e7b7-51d6-4123-9b20-ab2f513764f0,9759ca78-78ef-4e1e-944d-a59fb8d97858.jpeg,0,Unburned,,,,,1,4.37,1,3,69,0,3,5,15,5,0,100,1,75,60,10,0,5,1,3.0,Abigail
255,50_pre_ind_burn3d,25,179,Live,Live,,False,12.0,,,,,,,,,,burn3d,Burnpro3d,ind,Independence Lake (IND),pre,Prefire,50,CATNF_0050_20240813_1,2024-08-12,15:52,733166,4370640,26910,"12,98 east",11.3,6.0,57.0,True,156.0,,,,,5,10.1,f5009b27-9f4f-4331-af8f-39e845a89d58,5dd82e23-b537-4d50-931e-790c22f09798.jpeg,465b1451-a20d-4006-a981-d40a7fa8ccff,b4bb08f6-08a8-46fd-8b29-015826c1fd82.jpeg,0ed7a7d3-f870-4271-b70b-3fe53a728a60,a73fce5d-cff4-408c-b359-59c18ec83cb4.jpeg,23f5e7b7-51d6-4123-9b20-ab2f513764f0,9759ca78-78ef-4e1e-944d-a59fb8d97858.jpeg,0,Unburned,,,,,1,4.37,1,3,69,0,3,5,15,5,0,100,1,75,60,10,0,5,1,3.0,Abigail
257,50_pre_ind_burn3d,27,181,Live,Live,,False,13.0,,,,,,,,,,burn3d,Burnpro3d,ind,Independence Lake (IND),pre,Prefire,50,CATNF_0050_20240813_1,2024-08-12,15:52,733166,4370640,26910,"12,98 east",11.3,6.0,57.0,True,156.0,,,,,5,10.1,f5009b27-9f4f-4331-af8f-39e845a89d58,5dd82e23-b537-4d50-931e-790c22f09798.jpeg,465b1451-a20d-4006-a981-d40a7fa8ccff,b4bb08f6-08a8-46fd-8b29-015826c1fd82.jpeg,0ed7a7d3-f870-4271-b70b-3fe53a728a60,a73fce5d-cff4-408c-b359-59c18ec83cb4.jpeg,23f5e7b7-51d6-4123-9b20-ab2f513764f0,9759ca78-78ef-4e1e-944d-a59fb8d97858.jpeg,0,Unburned,,,,,1,4.37,1,3,69,0,3,5,15,5,0,100,1,75,60,10,0,5,1,3.0,Abigail
258,50_pre_ind_burn3d,28,182,Live,Live,,False,13.0,,,,,,,,,,burn3d,Burnpro3d,ind,Independence Lake (IND),pre,Prefire,50,CATNF_0050_20240813_1,2024-08-12,15:52,733166,4370640,26910,"12,98 east",11.3,6.0,57.0,True,156.0,,,,,5,10.1,f5009b27-9f4f-4331-af8f-39e845a89d58,5dd82e23-b537-4d50-931e-790c22f09798.jpeg,465b1451-a20d-4006-a981-d40a7fa8ccff,b4bb08f6-08a8-46fd-8b29-015826c1fd82.jpeg,0ed7a7d3-f870-4271-b70b-3fe53a728a60,a73fce5d-cff4-408c-b359-59c18ec83cb4.jpeg,23f5e7b7-51d6-4123-9b20-ab2f513764f0,9759ca78-78ef-4e1e-944d-a59fb8d97858.jpeg,0,Unburned,,,,,1,4.37,1,3,69,0,3,5,15,5,0,100,1,75,60,10,0,5,1,3.0,Abigail
259,50_pre_ind_burn3d,29,183,Live,Live,,False,11.0,,,,,,,,,,burn3d,Burnpro3d,ind,Independence Lake (IND),pre,Prefire,50,CATNF_0050_20240813_1,2024-08-12,15:52,733166,4370640,26910,"12,98 east",11.3,6.0,57.0,True,156.0,,,,,5,10.1,f5009b27-9f4f-4331-af8f-39e845a89d58,5dd82e23-b537-4d50-931e-790c22f09798.jpeg,465b1451-a20d-4006-a981-d40a7fa8ccff,b4bb08f6-08a8-46fd-8b29-015826c1fd82.jpeg,0ed7a7d3-f870-4271-b70b-3fe53a728a60,a73fce5d-cff4-408c-b359-59c18ec83cb4.jpeg,23f5e7b7-51d6-4123-9b20-ab2f513764f0,9759ca78-78ef-4e1e-944d-a59fb8d97858.jpeg,0,Unburned,,,,,1,4.37,1,3,69,0,3,5,15,5,0,100,1,75,60,10,0,5,1,3.0,Abigail
260,50_pre_ind_burn3d,30,184,Live,Live,,False,12.0,,,,,,,,,,burn3d,Burnpro3d,ind,Independence Lake (IND),pre,Prefire,50,CATNF_0050_20240813_1,2024-08-12,15:52,733166,4370640,26910,"12,98 east",11.3,6.0,57.0,True,156.0,,,,,5,10.1,f5009b27-9f4f-4331-af8f-39e845a89d58,5dd82e23-b537-4d50-931e-790c22f09798.jpeg,465b1451-a20d-4006-a981-d40a7fa8ccff,b4bb08f6-08a8-46fd-8b29-015826c1fd82.jpeg,0ed7a7d3-f870-4271-b70b-3fe53a728a60,a73fce5d-cff4-408c-b359-59c18ec83cb4.jpeg,23f5e7b7-51d6-4123-9b20-ab2f513764f0,9759ca78-78ef-4e1e-944d-a59fb8d97858.jpeg,0,Unburned,,,,,1,4.37,1,3,69,0,3,5,15,5,0,100,1,75,60,10,0,5,1,3.0,Abigail
262,50_pre_ind_burn3d,32,186,Live,Live,,False,12.0,,,,,,,,,,burn3d,Burnpro3d,ind,Independence Lake (IND),pre,Prefire,50,CATNF_0050_20240813_1,2024-08-12,15:52,733166,4370640,26910,"12,98 east",11.3,6.0,57.0,True,156.0,,,,,5,10.1,f5009b27-9f4f-4331-af8f-39e845a89d58,5dd82e23-b537-4d50-931e-790c22f09798.jpeg,465b1451-a20d-4006-a981-d40a7fa8ccff,b4bb08f6-08a8-46fd-8b29-015826c1fd82.jpeg,0ed7a7d3-f870-4271-b70b-3fe53a728a60,a73fce5d-cff4-408c-b359-59c18ec83cb4.jpeg,23f5e7b7-51d6-4123-9b20-ab2f513764f0,9759ca78-78ef-4e1e-944d-a59fb8d97858.jpeg,0,Unburned,,,,,1,4.37,1,3,69,0,3,5,15,5,0,100,1,75,60,10,0,5,1,3.0,Abigail
263,50_pre_ind_burn3d,33,187,Live,Live,,False,12.0,,,,,,,,,,burn3d,Burnpro3d,ind,Independence Lake (IND),pre,Prefire,50,CATNF_0050_20240813_1,2024-08-12,15:52,733166,4370640,26910,"12,98 east",11.3,6.0,57.0,True,156.0,,,,,5,10.1,f5009b27-9f4f-4331-af8f-39e845a89d58,5dd82e23-b537-4d50-931e-790c22f09798.jpeg,465b1451-a20d-4006-a981-d40a7fa8ccff,b4bb08f6-08a8-46fd-8b29-015826c1fd82.jpeg,0ed7a7d3-f870-4271-b70b-3fe53a728a60,a73fce5d-cff4-408c-b359-59c18ec83cb4.jpeg,23f5e7b7-51d6-4123-9b20-ab2f513764f0,9759ca78-78ef-4e1e-944d-a59fb8d97858.jpeg,0,Unburned,,,,,1,4.37,1,3,69,0,3,5,15,5,0,100,1,75,60,10,0,5,1,3.0,Abigail
264,50_pre_ind_burn3d,34,188,Live,Live,,False,5.0,,,,,,,,,,burn3d,Burnpro3d,ind,Independence Lake (IND),pre,Prefire,50,CATNF_0050_20240813_1,2024-08-12,15:52,733166,4370640,26910,"12,98 east",11.3,6.0,57.0,True,156.0,,,,,5,10.1,f5009b27-9f4f-4331-af8f-39e845a89d58,5dd82e23-b537-4d50-931e-790c22f09798.jpeg,465b1451-a20d-4006-a981-d40a7fa8ccff,b4bb08f6-08a8-46fd-8b29-015826c1fd82.jpeg,0ed7a7d3-f870-4271-b70b-3fe53a728a60,a73fce5d-cff4-408c-b359-59c18ec83cb4.jpeg,23f5e7b7-51d6-4123-9b20-ab2f513764f0,9759ca78-78ef-4e1e-944d-a59fb8d97858.jpeg,0,Unburned,,,,,1,4.37,1,3,69,0,3,5,15,5,0,100,1,75,60,10,0,5,1,3.0,Abigail
265,50_pre_ind_burn3d,35,189,Live,Live,,False,12.0,,,,,,,,,,burn3d,Burnpro3d,ind,Independence Lake (IND),pre,Prefire,50,CATNF_0050_20240813_1,2024-08-12,15:52,733166,4370640,26910,"12,98 east",11.3,6.0,57.0,True,156.0,,,,,5,10.1,f5009b27-9f4f-4331-af8f-39e845a89d58,5dd82e23-b537-4d50-931e-790c22f09798.jpeg,465b1451-a20d-4006-a981-d40a7fa8ccff,b4bb08f6-08a8-46fd-8b29-015826c1fd82.jpeg,0ed7a7d3-f870-4271-b70b-3fe53a728a60,a73fce5d-cff4-408c-b359-59c18ec83cb4.jpeg,23f5e7b7-51d6-4123-9b20-ab2f513764f0,9759ca78-78ef-4e1e-944d-a59fb8d97858.jpeg,0,Unburned,,,,,1,4.37,1,3,69,0,3,5,15,5,0,100,1,75,60,10,0,5,1,3.0,Abigail
267,50_pre_ind_burn3d,37,191,Live,Live,,False,11.0,,,,,,,,,,burn3d,Burnpro3d,ind,Independence Lake (IND),pre,Prefire,50,CATNF_0050_20240813_1,2024-08-12,15:52,733166,4370640,26910,"12,98 east",11.3,6.0,57.0,True,156.0,,,,,5,10.1,f5009b27-9f4f-4331-af8f-39e845a89d58,5dd82e23-b537-4d50-931e-790c22f09798.jpeg,465b1451-a20d-4006-a981-d40a7fa8ccff,b4bb08f6-08a8-46fd-8b29-015826c1fd82.jpeg,0ed7a7d3-f870-4271-b70b-3fe53a728a60,a73fce5d-cff4-408c-b359-59c18ec83cb4.jpeg,23f5e7b7-51d6-4123-9b20-ab2f513764f0,9759ca78-78ef-4e1e-944d-a59fb8d97858.jpeg,0,Unburned,,,,,1,4.37,1,3,69,0,3,5,15,5,0,100,1,75,60,10,0,5,1,3.0,Abigail
269,50_pre_ind_burn3d,39,193,Live,Live,,False,12.0,,,,,,,,,,burn3d,Burnpro3d,ind,Independence Lake (IND),pre,Prefire,50,CATNF_0050_20240813_1,2024-08-12,15:52,733166,4370640,26910,"12,98 east",11.3,6.0,57.0,True,156.0,,,,,5,10.1,f5009b27-9f4f-4331-af8f-39e845a89d58,5dd82e23-b537-4d50-931e-790c22f09798.jpeg,465b1451-a20d-4006-a981-d40a7fa8ccff,b4bb08f6-08a8-46fd-8b29-015826c1fd82.jpeg,0ed7a7d3-f870-4271-b70b-3fe53a728a60,a73fce5d-cff4-408c-b359-59c18ec83cb4.jpeg,23f5e7b7-51d6-4123-9b20-ab2f513764f0,9759ca78-78ef-4e1e-944d-a59fb8d97858.jpeg,0,Unburned,,,,,1,4.37,1,3,69,0,3,5,15,5,0,100,1,75,60,10,0,5,1,3.0,Abigail
270,50_pre_ind_burn3d,40,194,Live,Live,,False,12.0,,,,,,,,,,burn3d,Burnpro3d,ind,Independence Lake (IND),pre,Prefire,50,CATNF_0050_20240813_1,2024-08-12,15:52,733166,4370640,26910,"12,98 east",11.3,6.0,57.0,True,156.0,,,,,5,10.1,f5009b27-9f4f-4331-af8f-39e845a89d58,5dd82e23-b537-4d50-931e-790c22f09798.jpeg,465b1451-a20d-4006-a981-d40a7fa8ccff,b4bb08f6-08a8-46fd-8b29-015826c1fd82.jpeg,0ed7a7d3-f870-4271-b70b-3fe53a728a60,a73fce5d-cff4-408c-b359-59c18ec83cb4.jpeg,23f5e7b7-51d6-4123-9b20-ab2f513764f0,9759ca78-78ef-4e1e-944d-a59fb8d97858.jpeg,0,Unburned,,,,,1,4.37,1,3,69,0,3,5,15,5,0,100,1,75,60,10,0,5,1,3.0,Abigail
271,50_pre_ind_burn3d,41,195,Live,Live,,False,12.0,,,,,,,,,,burn3d,Burnpro3d,ind,Independence Lake (IND),pre,Prefire,50,CATNF_0050_20240813_1,2024-08-12,15:52,733166,4370640,26910,"12,98 east",11.3,6.0,57.0,True,156.0,,,,,5,10.1,f5009b27-9f4f-4331-af8f-39e845a89d58,5dd82e23-b537-4d50-931e-790c22f09798.jpeg,465b1451-a20d-4006-a981-d40a7fa8ccff,b4bb08f6-08a8-46fd-8b29-015826c1fd82.jpeg,0ed7a7d3-f870-4271-b70b-3fe53a728a60,a73fce5d-cff4-408c-b359-59c18ec83cb4.jpeg,23f5e7b7-51d6-4123-9b20-ab2f513764f0,9759ca78-78ef-4e1e-944d-a59fb8d97858.jpeg,0,Unburned,,,,,1,4.37,1,3,69,0,3,5,15,5,0,100,1,75,60,10,0,5,1,3.0,Abigail
272,50_pre_ind_burn3d,42,196,Live,Live,,False,4.0,,,,,,,,,Possible unknown beetle,burn3d,Burnpro3d,ind,Independence Lake (IND),pre,Prefire,50,CATNF_0050_20240813_1,2024-08-12,15:52,733166,4370640,26910,"12,98 east",11.3,6.0,57.0,True,156.0,,,,,5,10.1,f5009b27-9f4f-4331-af8f-39e845a89d58,5dd82e23-b537-4d50-931e-790c22f09798.jpeg,465b1451-a20d-4006-a981-d40a7fa8ccff,b4bb08f6-08a8-46fd-8b29-015826c1fd82.jpeg,0ed7a7d3-f870-4271-b70b-3fe53a728a60,a73fce5d-cff4-408c-b359-59c18ec83cb4.jpeg,23f5e7b7-51d6-4123-9b20-ab2f513764f0,9759ca78-78ef-4e1e-944d-a59fb8d97858.jpeg,0,Unburned,,,,,1,4.37,1,3,69,0,3,5,15,5,0,100,1,75,60,10,0,5,1,3.0,Abigail
273,50_pre_ind_burn3d,43,197,Live,Live,,False,4.0,,,,,,,,,Possible unknown beetle,burn3d,Burnpro3d,ind,Independence Lake (IND),pre,Prefire,50,CATNF_0050_20240813_1,2024-08-12,15:52,733166,4370640,26910,"12,98 east",11.3,6.0,57.0,True,156.0,,,,,5,10.1,f5009b27-9f4f-4331-af8f-39e845a89d58,5dd82e23-b537-4d50-931e-790c22f09798.jpeg,465b1451-a20d-4006-a981-d40a7fa8ccff,b4bb08f6-08a8-46fd-8b29-015826c1fd82.jpeg,0ed7a7d3-f870-4271-b70b-3fe53a728a60,a73fce5d-cff4-408c-b359-59c18ec83cb4.jpeg,23f5e7b7-51d6-4123-9b20-ab2f513764f0,9759ca78-78ef-4e1e-944d-a59fb8d97858.jpeg,0,Unburned,,,,,1,4.37,1,3,69,0,3,5,15,5,0,100,1,75,60,10,0,5,1,3.0,Abigail
274,50_pre_ind_burn3d,44,198,Live,Live,,False,10.0,,,,,,,,,,burn3d,Burnpro3d,ind,Independence Lake (IND),pre,Prefire,50,CATNF_0050_20240813_1,2024-08-12,15:52,733166,4370640,26910,"12,98 east",11.3,6.0,57.0,True,156.0,,,,,5,10.1,f5009b27-9f4f-4331-af8f-39e845a89d58,5dd82e23-b537-4d50-931e-790c22f09798.jpeg,465b1451-a20d-4006-a981-d40a7fa8ccff,b4bb08f6-08a8-46fd-8b29-015826c1fd82.jpeg,0ed7a7d3-f870-4271-b70b-3fe53a728a60,a73fce5d-cff4-408c-b359-59c18ec83cb4.jpeg,23f5e7b7-51d6-4123-9b20-ab2f513764f0,9759ca78-78ef-4e1e-944d-a59fb8d97858.jpeg,0,Unburned,,,,,1,4.37,1,3,69,0,3,5,15,5,0,100,1,75,60,10,0,5,1,3.0,Abigail
276,50_pre_ind_burn3d,46,200,Live,Live,,False,11.0,,,,,,,,,,burn3d,Burnpro3d,ind,Independence Lake (IND),pre,Prefire,50,CATNF_0050_20240813_1,2024-08-12,15:52,733166,4370640,26910,"12,98 east",11.3,6.0,57.0,True,156.0,,,,,5,10.1,f5009b27-9f4f-4331-af8f-39e845a89d58,5dd82e23-b537-4d50-931e-790c22f09798.jpeg,465b1451-a20d-4006-a981-d40a7fa8ccff,b4bb08f6-08a8-46fd-8b29-015826c1fd82.jpeg,0ed7a7d3-f870-4271-b70b-3fe53a728a60,a73fce5d-cff4-408c-b359-59c18ec83cb4.jpeg,23f5e7b7-51d6-4123-9b20-ab2f513764f0,9759ca78-78ef-4e1e-944d-a59fb8d97858.jpeg,0,Unburned,,,,,1,4.37,1,3,69,0,3,5,15,5,0,100,1,75,60,10,0,5,1,3.0,Abigail
277,50_pre_ind_burn3d,47,301,Live,Live,,False,11.0,,,,,,,,,,burn3d,Burnpro3d,ind,Independence Lake (IND),pre,Prefire,50,CATNF_0050_20240813_1,2024-08-12,15:52,733166,4370640,26910,"12,98 east",11.3,6.0,57.0,True,156.0,,,,,5,10.1,f5009b27-9f4f-4331-af8f-39e845a89d58,5dd82e23-b537-4d50-931e-790c22f09798.jpeg,465b1451-a20d-4006-a981-d40a7fa8ccff,b4bb08f6-08a8-46fd-8b29-015826c1fd82.jpeg,0ed7a7d3-f870-4271-b70b-3fe53a728a60,a73fce5d-cff4-408c-b359-59c18ec83cb4.jpeg,23f5e7b7-51d6-4123-9b20-ab2f513764f0,9759ca78-78ef-4e1e-944d-a59fb8d97858.jpeg,0,Unburned,,,,,1,4.37,1,3,69,0,3,5,15,5,0,100,1,75,60,10,0,5,1,3.0,Abigail
279,50_pre_ind_burn3d,49,303,Live,Live,,False,13.0,,,,,,,,,,burn3d,Burnpro3d,ind,Independence Lake (IND),pre,Prefire,50,CATNF_0050_20240813_1,2024-08-12,15:52,733166,4370640,26910,"12,98 east",11.3,6.0,57.0,True,156.0,,,,,5,10.1,f5009b27-9f4f-4331-af8f-39e845a89d58,5dd82e23-b537-4d50-931e-790c22f09798.jpeg,465b1451-a20d-4006-a981-d40a7fa8ccff,b4bb08f6-08a8-46fd-8b29-015826c1fd82.jpeg,0ed7a7d3-f870-4271-b70b-3fe53a728a60,a73fce5d-cff4-408c-b359-59c18ec83cb4.jpeg,23f5e7b7-51d6-4123-9b20-ab2f513764f0,9759ca78-78ef-4e1e-944d-a59fb8d97858.jpeg,0,Unburned,,,,,1,4.37,1,3,69,0,3,5,15,5,0,100,1,75,60,10,0,5,1,3.0,Abigail
280,50_pre_ind_burn3d,50,304,Live,Live,,False,12.0,,,,,,,,,,burn3d,Burnpro3d,ind,Independence Lake (IND),pre,Prefire,50,CATNF_0050_20240813_1,2024-08-12,15:52,733166,4370640,26910,"12,98 east",11.3,6.0,57.0,True,156.0,,,,,5,10.1,f5009b27-9f4f-4331-af8f-39e845a89d58,5dd82e23-b537-4d50-931e-790c22f09798.jpeg,465b1451-a20d-4006-a981-d40a7fa8ccff,b4bb08f6-08a8-46fd-8b29-015826c1fd82.jpeg,0ed7a7d3-f870-4271-b70b-3fe53a728a60,a73fce5d-cff4-408c-b359-59c18ec83cb4.jpeg,23f5e7b7-51d6-4123-9b20-ab2f513764f0,9759ca78-78ef-4e1e-944d-a59fb8d97858.jpeg,0,Unburned,,,,,1,4.37,1,3,69,0,3,5,15,5,0,100,1,75,60,10,0,5,1,3.0,Abigail
281,50_pre_ind_burn3d,51,B,Dead,Dead,,False,7.0,,1.0,"1. All limbs and branches presents. Top pointed. 100% of bark remaining. Intact Sapwood presence and sound, incipient decay, hard, original color. Heartwood sound, hard, origonal color.",,,,,,,burn3d,Burnpro3d,ind,Independence Lake (IND),pre,Prefire,50,CATNF_0050_20240813_1,2024-08-12,15:52,733166,4370640,26910,"12,98 east",11.3,6.0,57.0,True,156.0,,,,,5,10.1,f5009b27-9f4f-4331-af8f-39e845a89d58,5dd82e23-b537-4d50-931e-790c22f09798.jpeg,465b1451-a20d-4006-a981-d40a7fa8ccff,b4bb08f6-08a8-46fd-8b29-015826c1fd82.jpeg,0ed7a7d3-f870-4271-b70b-3fe53a728a60,a73fce5d-cff4-408c-b359-59c18ec83cb4.jpeg,23f5e7b7-51d6-4123-9b20-ab2f513764f0,9759ca78-78ef-4e1e-944d-a59fb8d97858.jpeg,0,Unburned,,,,,1,4.37,1,3,69,0,3,5,15,5,0,100,1,75,60,10,0,5,1,3.0,Abigail
282,50_pre_ind_burn3d,52,C,Dead,Dead,,False,2.0,,1.0,"1. All limbs and branches presents. Top pointed. 100% of bark remaining. Intact Sapwood presence and sound, incipient decay, hard, original color. Heartwood sound, hard, origonal color.",,,,,,,burn3d,Burnpro3d,ind,Independence Lake (IND),pre,Prefire,50,CATNF_0050_20240813_1,2024-08-12,15:52,733166,4370640,26910,"12,98 east",11.3,6.0,57.0,True,156.0,,,,,5,10.1,f5009b27-9f4f-4331-af8f-39e845a89d58,5dd82e23-b537-4d50-931e-790c22f09798.jpeg,465b1451-a20d-4006-a981-d40a7fa8ccff,b4bb08f6-08a8-46fd-8b29-015826c1fd82.jpeg,0ed7a7d3-f870-4271-b70b-3fe53a728a60,a73fce5d-cff4-408c-b359-59c18ec83cb4.jpeg,23f5e7b7-51d6-4123-9b20-ab2f513764f0,9759ca78-78ef-4e1e-944d-a59fb8d97858.jpeg,0,Unburned,,,,,1,4.37,1,3,69,0,3,5,15,5,0,100,1,75,60,10,0,5,1,3.0,Abigail
283,50_pre_ind_burn3d,53,306,Live,Live,,False,11.0,,,,,,,,,,burn3d,Burnpro3d,ind,Independence Lake (IND),pre,Prefire,50,CATNF_0050_20240813_1,2024-08-12,15:52,733166,4370640,26910,"12,98 east",11.3,6.0,57.0,True,156.0,,,,,5,10.1,f5009b27-9f4f-4331-af8f-39e845a89d58,5dd82e23-b537-4d50-931e-790c22f09798.jpeg,465b1451-a20d-4006-a981-d40a7fa8ccff,b4bb08f6-08a8-46fd-8b29-015826c1fd82.jpeg,0ed7a7d3-f870-4271-b70b-3fe53a728a60,a73fce5d-cff4-408c-b359-59c18ec83cb4.jpeg,23f5e7b7-51d6-4123-9b20-ab2f513764f0,9759ca78-78ef-4e1e-944d-a59fb8d97858.jpeg,0,Unburned,,,,,1,4.37,1,3,69,0,3,5,15,5,0,100,1,75,60,10,0,5,1,3.0,Abigail
284,50_pre_ind_burn3d,54,305,Live,Live,,False,11.0,,,,,,,,,,burn3d,Burnpro3d,ind,Independence Lake (IND),pre,Prefire,50,CATNF_0050_20240813_1,2024-08-12,15:52,733166,4370640,26910,"12,98 east",11.3,6.0,57.0,True,156.0,,,,,5,10.1,f5009b27-9f4f-4331-af8f-39e845a89d58,5dd82e23-b537-4d50-931e-790c22f09798.jpeg,465b1451-a20d-4006-a981-d40a7fa8ccff,b4bb08f6-08a8-46fd-8b29-015826c1fd82.jpeg,0ed7a7d3-f870-4271-b70b-3fe53a728a60,a73fce5d-cff4-408c-b359-59c18ec83cb4.jpeg,23f5e7b7-51d6-4123-9b20-ab2f513764f0,9759ca78-78ef-4e1e-944d-a59fb8d97858.jpeg,0,Unburned,,,,,1,4.37,1,3,69,0,3,5,15,5,0,100,1,75,60,10,0,5,1,3.0,Abigail
285,50_pre_ind_burn3d,55,307,Live,Live,,False,13.0,,,,,,,,,,burn3d,Burnpro3d,ind,Independence Lake (IND),pre,Prefire,50,CATNF_0050_20240813_1,2024-08-12,15:52,733166,4370640,26910,"12,98 east",11.3,6.0,57.0,True,156.0,,,,,5,10.1,f5009b27-9f4f-4331-af8f-39e845a89d58,5dd82e23-b537-4d50-931e-790c22f09798.jpeg,465b1451-a20d-4006-a981-d40a7fa8ccff,b4bb08f6-08a8-46fd-8b29-015826c1fd82.jpeg,0ed7a7d3-f870-4271-b70b-3fe53a728a60,a73fce5d-cff4-408c-b359-59c18ec83cb4.jpeg,23f5e7b7-51d6-4123-9b20-ab2f513764f0,9759ca78-78ef-4e1e-944d-a59fb8d97858.jpeg,0,Unburned,,,,,1,4.37,1,3,69,0,3,5,15,5,0,100,1,75,60,10,0,5,1,3.0,Abigail
286,50_pre_ind_burn3d,56,308,Live,Live,,False,13.0,,,,,,,,,,burn3d,Burnpro3d,ind,Independence Lake (IND),pre,Prefire,50,CATNF_0050_20240813_1,2024-08-12,15:52,733166,4370640,26910,"12,98 east",11.3,6.0,57.0,True,156.0,,,,,5,10.1,f5009b27-9f4f-4331-af8f-39e845a89d58,5dd82e23-b537-4d50-931e-790c22f09798.jpeg,465b1451-a20d-4006-a981-d40a7fa8ccff,b4bb08f6-08a8-46fd-8b29-015826c1fd82.jpeg,0ed7a7d3-f870-4271-b70b-3fe53a728a60,a73fce5d-cff4-408c-b359-59c18ec83cb4.jpeg,23f5e7b7-51d6-4123-9b20-ab2f513764f0,9759ca78-78ef-4e1e-944d-a59fb8d97858.jpeg,0,Unburned,,,,,1,4.37,1,3,69,0,3,5,15,5,0,100,1,75,60,10,0,5,1,3.0,Abigail
288,50_pre_ind_burn3d,58,310,Live,Live,,False,5.4,,,,,,,,,,burn3d,Burnpro3d,ind,Independence Lake (IND),pre,Prefire,50,CATNF_0050_20240813_1,2024-08-12,15:52,733166,4370640,26910,"12,98 east",11.3,6.0,57.0,True,156.0,,,,,5,10.1,f5009b27-9f4f-4331-af8f-39e845a89d58,5dd82e23-b537-4d50-931e-790c22f09798.jpeg,465b1451-a20d-4006-a981-d40a7fa8ccff,b4bb08f6-08a8-46fd-8b29-015826c1fd82.jpeg,0ed7a7d3-f870-4271-b70b-3fe53a728a60,a73fce5d-cff4-408c-b359-59c18ec83cb4.jpeg,23f5e7b7-51d6-4123-9b20-ab2f513764f0,9759ca78-78ef-4e1e-944d-a59fb8d97858.jpeg,0,Unburned,,,,,1,4.37,1,3,69,0,3,5,15,5,0,100,1,75,60,10,0,5,1,3.0,Abigail
289,50_pre_ind_burn3d,59,311,Live,Live,,False,11.0,,,,,,,,,,burn3d,Burnpro3d,ind,Independence Lake (IND),pre,Prefire,50,CATNF_0050_20240813_1,2024-08-12,15:52,733166,4370640,26910,"12,98 east",11.3,6.0,57.0,True,156.0,,,,,5,10.1,f5009b27-9f4f-4331-af8f-39e845a89d58,5dd82e23-b537-4d50-931e-790c22f09798.jpeg,465b1451-a20d-4006-a981-d40a7fa8ccff,b4bb08f6-08a8-46fd-8b29-015826c1fd82.jpeg,0ed7a7d3-f870-4271-b70b-3fe53a728a60,a73fce5d-cff4-408c-b359-59c18ec83cb4.jpeg,23f5e7b7-51d6-4123-9b20-ab2f513764f0,9759ca78-78ef-4e1e-944d-a59fb8d97858.jpeg,0,Unburned,,,,,1,4.37,1,3,69,0,3,5,15,5,0,100,1,75,60,10,0,5,1,3.0,Abigail
290,50_pre_ind_burn3d,60,312,Live,Live,,False,13.0,,,,,,,,,,burn3d,Burnpro3d,ind,Independence Lake (IND),pre,Prefire,50,CATNF_0050_20240813_1,2024-08-12,15:52,733166,4370640,26910,"12,98 east",11.3,6.0,57.0,True,156.0,,,,,5,10.1,f5009b27-9f4f-4331-af8f-39e845a89d58,5dd82e23-b537-4d50-931e-790c22f09798.jpeg,465b1451-a20d-4006-a981-d40a7fa8ccff,b4bb08f6-08a8-46fd-8b29-015826c1fd82.jpeg,0ed7a7d3-f870-4271-b70b-3fe53a728a60,a73fce5d-cff4-408c-b359-59c18ec83cb4.jpeg,23f5e7b7-51d6-4123-9b20-ab2f513764f0,9759ca78-78ef-4e1e-944d-a59fb8d97858.jpeg,0,Unburned,,,,,1,4.37,1,3,69,0,3,5,15,5,0,100,1,75,60,10,0,5,1,3.0,Abigail
291,50_pre_ind_burn3d,61,313,Live,Live,,False,11.0,,,,,,,,,,burn3d,Burnpro3d,ind,Independence Lake (IND),pre,Prefire,50,CATNF_0050_20240813_1,2024-08-12,15:52,733166,4370640,26910,"12,98 east",11.3,6.0,57.0,True,156.0,,,,,5,10.1,f5009b27-9f4f-4331-af8f-39e845a89d58,5dd82e23-b537-4d50-931e-790c22f09798.jpeg,465b1451-a20d-4006-a981-d40a7fa8ccff,b4bb08f6-08a8-46fd-8b29-015826c1fd82.jpeg,0ed7a7d3-f870-4271-b70b-3fe53a728a60,a73fce5d-cff4-408c-b359-59c18ec83cb4.jpeg,23f5e7b7-51d6-4123-9b20-ab2f513764f0,9759ca78-78ef-4e1e-944d-a59fb8d97858.jpeg,0,Unburned,,,,,1,4.37,1,3,69,0,3,5,15,5,0,100,1,75,60,10,0,5,1,3.0,Abigail
292,50_pre_ind_burn3d,62,314,Live,Live,,False,15.0,,,,,,,,,,burn3d,Burnpro3d,ind,Independence Lake (IND),pre,Prefire,50,CATNF_0050_20240813_1,2024-08-12,15:52,733166,4370640,26910,"12,98 east",11.3,6.0,57.0,True,156.0,,,,,5,10.1,f5009b27-9f4f-4331-af8f-39e845a89d58,5dd82e23-b537-4d50-931e-790c22f09798.jpeg,465b1451-a20d-4006-a981-d40a7fa8ccff,b4bb08f6-08a8-46fd-8b29-015826c1fd82.jpeg,0ed7a7d3-f870-4271-b70b-3fe53a728a60,a73fce5d-cff4-408c-b359-59c18ec83cb4.jpeg,23f5e7b7-51d6-4123-9b20-ab2f513764f0,9759ca78-78ef-4e1e-944d-a59fb8d97858.jpeg,0,Unburned,,,,,1,4.37,1,3,69,0,3,5,15,5,0,100,1,75,60,10,0,5,1,3.0,Abigail
293,50_pre_ind_burn3d,63,315,Live,Live,,False,9.0,,,,,,,,,,burn3d,Burnpro3d,ind,Independence Lake (IND),pre,Prefire,50,CATNF_0050_20240813_1,2024-08-12,15:52,733166,4370640,26910,"12,98 east",11.3,6.0,57.0,True,156.0,,,,,5,10.1,f5009b27-9f4f-4331-af8f-39e845a89d58,5dd82e23-b537-4d50-931e-790c22f09798.jpeg,465b1451-a20d-4006-a981-d40a7fa8ccff,b4bb08f6-08a8-46fd-8b29-015826c1fd82.jpeg,0ed7a7d3-f870-4271-b70b-3fe53a728a60,a73fce5d-cff4-408c-b359-59c18ec83cb4.jpeg,23f5e7b7-51d6-4123-9b20-ab2f513764f0,9759ca78-78ef-4e1e-944d-a59fb8d97858.jpeg,0,Unburned,,,,,1,4.37,1,3,69,0,3,5,15,5,0,100,1,75,60,10,0,5,1,3.0,Abigail
294,50_pre_ind_burn3d,64,D,Dead,Dead,,False,9.0,,1.0,"1. All limbs and branches presents. Top pointed. 100% of bark remaining. Intact Sapwood presence and sound, incipient decay, hard, original color. Heartwood sound, hard, origonal color.",,,,,,,burn3d,Burnpro3d,ind,Independence Lake (IND),pre,Prefire,50,CATNF_0050_20240813_1,2024-08-12,15:52,733166,4370640,26910,"12,98 east",11.3,6.0,57.0,True,156.0,,,,,5,10.1,f5009b27-9f4f-4331-af8f-39e845a89d58,5dd82e23-b537-4d50-931e-790c22f09798.jpeg,465b1451-a20d-4006-a981-d40a7fa8ccff,b4bb08f6-08a8-46fd-8b29-015826c1fd82.jpeg,0ed7a7d3-f870-4271-b70b-3fe53a728a60,a73fce5d-cff4-408c-b359-59c18ec83cb4.jpeg,23f5e7b7-51d6-4123-9b20-ab2f513764f0,9759ca78-78ef-4e1e-944d-a59fb8d97858.jpeg,0,Unburned,,,,,1,4.37,1,3,69,0,3,5,15,5,0,100,1,75,60,10,0,5,1,3.0,Abigail
295,50_pre_ind_burn3d,65,316,Live,Live,,False,14.0,,,,,,,,,,burn3d,Burnpro3d,ind,Independence Lake (IND),pre,Prefire,50,CATNF_0050_20240813_1,2024-08-12,15:52,733166,4370640,26910,"12,98 east",11.3,6.0,57.0,True,156.0,,,,,5,10.1,f5009b27-9f4f-4331-af8f-39e845a89d58,5dd82e23-b537-4d50-931e-790c22f09798.jpeg,465b1451-a20d-4006-a981-d40a7fa8ccff,b4bb08f6-08a8-46fd-8b29-015826c1fd82.jpeg,0ed7a7d3-f870-4271-b70b-3fe53a728a60,a73fce5d-cff4-408c-b359-59c18ec83cb4.jpeg,23f5e7b7-51d6-4123-9b20-ab2f513764f0,9759ca78-78ef-4e1e-944d-a59fb8d97858.jpeg,0,Unburned,,,,,1,4.37,1,3,69,0,3,5,15,5,0,100,1,75,60,10,0,5,1,3.0,Abigail
297,50_pre_ind_burn3d,67,317,Live,Live,,False,7.0,,,,,,,,,,burn3d,Burnpro3d,ind,Independence Lake (IND),pre,Prefire,50,CATNF_0050_20240813_1,2024-08-12,15:52,733166,4370640,26910,"12,98 east",11.3,6.0,57.0,True,156.0,,,,,5,10.1,f5009b27-9f4f-4331-af8f-39e845a89d58,5dd82e23-b537-4d50-931e-790c22f09798.jpeg,465b1451-a20d-4006-a981-d40a7fa8ccff,b4bb08f6-08a8-46fd-8b29-015826c1fd82.jpeg,0ed7a7d3-f870-4271-b70b-3fe53a728a60,a73fce5d-cff4-408c-b359-59c18ec83cb4.jpeg,23f5e7b7-51d6-4123-9b20-ab2f513764f0,9759ca78-78ef-4e1e-944d-a59fb8d97858.jpeg,0,Unburned,,,,,1,4.37,1,3,69,0,3,5,15,5,0,100,1,75,60,10,0,5,1,3.0,Abigail
298,50_pre_ind_burn3d,68,318,Live,Live,,False,12.0,,,,,,,,,,burn3d,Burnpro3d,ind,Independence Lake (IND),pre,Prefire,50,CATNF_0050_20240813_1,2024-08-12,15:52,733166,4370640,26910,"12,98 east",11.3,6.0,57.0,True,156.0,,,,,5,10.1,f5009b27-9f4f-4331-af8f-39e845a89d58,5dd82e23-b537-4d50-931e-790c22f09798.jpeg,465b1451-a20d-4006-a981-d40a7fa8ccff,b4bb08f6-08a8-46fd-8b29-015826c1fd82.jpeg,0ed7a7d3-f870-4271-b70b-3fe53a728a60,a73fce5d-cff4-408c-b359-59c18ec83cb4.jpeg,23f5e7b7-51d6-4123-9b20-ab2f513764f0,9759ca78-78ef-4e1e-944d-a59fb8d97858.jpeg,0,Unburned,,,,,1,4.37,1,3,69,0,3,5,15,5,0,100,1,75,60,10,0,5,1,3.0,Abigail
299,50_pre_ind_burn3d,69,319,Live,Live,,False,12.0,,,,,,,,,,burn3d,Burnpro3d,ind,Independence Lake (IND),pre,Prefire,50,CATNF_0050_20240813_1,2024-08-12,15:52,733166,4370640,26910,"12,98 east",11.3,6.0,57.0,True,156.0,,,,,5,10.1,f5009b27-9f4f-4331-af8f-39e845a89d58,5dd82e23-b537-4d50-931e-790c22f09798.jpeg,465b1451-a20d-4006-a981-d40a7fa8ccff,b4bb08f6-08a8-46fd-8b29-015826c1fd82.jpeg,0ed7a7d3-f870-4271-b70b-3fe53a728a60,a73fce5d-cff4-408c-b359-59c18ec83cb4.jpeg,23f5e7b7-51d6-4123-9b20-ab2f513764f0,9759ca78-78ef-4e1e-944d-a59fb8d97858.jpeg,0,Unburned,,,,,1,4.37,1,3,69,0,3,5,15,5,0,100,1,75,60,10,0,5,1,3.0,Abigail
300,50_pre_ind_burn3d,70,320,Live,Live,,False,11.0,,,,,,,,,,burn3d,Burnpro3d,ind,Independence Lake (IND),pre,Prefire,50,CATNF_0050_20240813_1,2024-08-12,15:52,733166,4370640,26910,"12,98 east",11.3,6.0,57.0,True,156.0,,,,,5,10.1,f5009b27-9f4f-4331-af8f-39e845a89d58,5dd82e23-b537-4d50-931e-790c22f09798.jpeg,465b1451-a20d-4006-a981-d40a7fa8ccff,b4bb08f6-08a8-46fd-8b29-015826c1fd82.jpeg,0ed7a7d3-f870-4271-b70b-3fe53a728a60,a73fce5d-cff4-408c-b359-59c18ec83cb4.jpeg,23f5e7b7-51d6-4123-9b20-ab2f513764f0,9759ca78-78ef-4e1e-944d-a59fb8d97858.jpeg,0,Unburned,,,,,1,4.37,1,3,69,0,3,5,15,5,0,100,1,75,60,10,0,5,1,3.0,Abigail
302,50_pre_ind_burn3d,72,322,Live,Live,,False,11.0,,,,,,,,,,burn3d,Burnpro3d,ind,Independence Lake (IND),pre,Prefire,50,CATNF_0050_20240813_1,2024-08-12,15:52,733166,4370640,26910,"12,98 east",11.3,6.0,57.0,True,156.0,,,,,5,10.1,f5009b27-9f4f-4331-af8f-39e845a89d58,5dd82e23-b537-4d50-931e-790c22f09798.jpeg,465b1451-a20d-4006-a981-d40a7fa8ccff,b4bb08f6-08a8-46fd-8b29-015826c1fd82.jpeg,0ed7a7d3-f870-4271-b70b-3fe53a728a60,a73fce5d-cff4-408c-b359-59c18ec83cb4.jpeg,23f5e7b7-51d6-4123-9b20-ab2f513764f0,9759ca78-78ef-4e1e-944d-a59fb8d97858.jpeg,0,Unburned,,,,,1,4.37,1,3,69,0,3,5,15,5,0,100,1,75,60,10,0,5,1,3.0,Abigail
303,50_pre_ind_burn3d,73,323,Live,Live,,False,16.0,,,,,,,,,,burn3d,Burnpro3d,ind,Independence Lake (IND),pre,Prefire,50,CATNF_0050_20240813_1,2024-08-12,15:52,733166,4370640,26910,"12,98 east",11.3,6.0,57.0,True,156.0,,,,,5,10.1,f5009b27-9f4f-4331-af8f-39e845a89d58,5dd82e23-b537-4d50-931e-790c22f09798.jpeg,465b1451-a20d-4006-a981-d40a7fa8ccff,b4bb08f6-08a8-46fd-8b29-015826c1fd82.jpeg,0ed7a7d3-f870-4271-b70b-3fe53a728a60,a73fce5d-cff4-408c-b359-59c18ec83cb4.jpeg,23f5e7b7-51d6-4123-9b20-ab2f513764f0,9759ca78-78ef-4e1e-944d-a59fb8d97858.jpeg,0,Unburned,,,,,1,4.37,1,3,69,0,3,5,15,5,0,100,1,75,60,10,0,5,1,3.0,Abigail
305,50_pre_ind_burn3d,75,F,Dead,Dead,,False,16.0,,3.0,"3. Limb stubs. Top bronken. Percentatge of bark remaining variable. Sloughing sapwood presence and fibrous, soft, light to reddish. Heartwood incipient decay at base, advance decay throughout upper bole, fibrous, hartd to firm, reddisg brown.",,,,,,,burn3d,Burnpro3d,ind,Independence Lake (IND),pre,Prefire,50,CATNF_0050_20240813_1,2024-08-12,15:52,733166,4370640,26910,"12,98 east",11.3,6.0,57.0,True,156.0,,,,,5,10.1,f5009b27-9f4f-4331-af8f-39e845a89d58,5dd82e23-b537-4d50-931e-790c22f09798.jpeg,465b1451-a20d-4006-a981-d40a7fa8ccff,b4bb08f6-08a8-46fd-8b29-015826c1fd82.jpeg,0ed7a7d3-f870-4271-b70b-3fe53a728a60,a73fce5d-cff4-408c-b359-59c18ec83cb4.jpeg,23f5e7b7-51d6-4123-9b20-ab2f513764f0,9759ca78-78ef-4e1e-944d-a59fb8d97858.jpeg,0,Unburned,,,,,1,4.37,1,3,69,0,3,5,15,5,0,100,1,75,60,10,0,5,1,3.0,Abigail
306,50_pre_ind_burn3d,76,325,Live,Live,,False,12.0,,,,,,,,,,burn3d,Burnpro3d,ind,Independence Lake (IND),pre,Prefire,50,CATNF_0050_20240813_1,2024-08-12,15:52,733166,4370640,26910,"12,98 east",11.3,6.0,57.0,True,156.0,,,,,5,10.1,f5009b27-9f4f-4331-af8f-39e845a89d58,5dd82e23-b537-4d50-931e-790c22f09798.jpeg,465b1451-a20d-4006-a981-d40a7fa8ccff,b4bb08f6-08a8-46fd-8b29-015826c1fd82.jpeg,0ed7a7d3-f870-4271-b70b-3fe53a728a60,a73fce5d-cff4-408c-b359-59c18ec83cb4.jpeg,23f5e7b7-51d6-4123-9b20-ab2f513764f0,9759ca78-78ef-4e1e-944d-a59fb8d97858.jpeg,0,Unburned,,,,,1,4.37,1,3,69,0,3,5,15,5,0,100,1,75,60,10,0,5,1,3.0,Abigail
307,50_pre_ind_burn3d,77,326,Live,Live,,False,8.0,,,,,,,,,,burn3d,Burnpro3d,ind,Independence Lake (IND),pre,Prefire,50,CATNF_0050_20240813_1,2024-08-12,15:52,733166,4370640,26910,"12,98 east",11.3,6.0,57.0,True,156.0,,,,,5,10.1,f5009b27-9f4f-4331-af8f-39e845a89d58,5dd82e23-b537-4d50-931e-790c22f09798.jpeg,465b1451-a20d-4006-a981-d40a7fa8ccff,b4bb08f6-08a8-46fd-8b29-015826c1fd82.jpeg,0ed7a7d3-f870-4271-b70b-3fe53a728a60,a73fce5d-cff4-408c-b359-59c18ec83cb4.jpeg,23f5e7b7-51d6-4123-9b20-ab2f513764f0,9759ca78-78ef-4e1e-944d-a59fb8d97858.jpeg,0,Unburned,,,,,1,4.37,1,3,69,0,3,5,15,5,0,100,1,75,60,10,0,5,1,3.0,Abigail
308,50_pre_ind_burn3d,78,G,Dead,Dead,,False,4.0,,2.0,"2. Few limbs, no fine brances. Top bronken. Percentatge of bark remaining variable. Sloughing sapwood presence and advanced decay, fibrous, firm to soft, light brown. Heartwood soud at base, incipient decay in outer edge of upper bole, hard, light to red brown.",,,,,,,burn3d,Burnpro3d,ind,Independence Lake (IND),pre,Prefire,50,CATNF_0050_20240813_1,2024-08-12,15:52,733166,4370640,26910,"12,98 east",11.3,6.0,57.0,True,156.0,,,,,5,10.1,f5009b27-9f4f-4331-af8f-39e845a89d58,5dd82e23-b537-4d50-931e-790c22f09798.jpeg,465b1451-a20d-4006-a981-d40a7fa8ccff,b4bb08f6-08a8-46fd-8b29-015826c1fd82.jpeg,0ed7a7d3-f870-4271-b70b-3fe53a728a60,a73fce5d-cff4-408c-b359-59c18ec83cb4.jpeg,23f5e7b7-51d6-4123-9b20-ab2f513764f0,9759ca78-78ef-4e1e-944d-a59fb8d97858.jpeg,0,Unburned,,,,,1,4.37,1,3,69,0,3,5,15,5,0,100,1,75,60,10,0,5,1,3.0,Abigail
309,50_pre_ind_burn3d,79,327,Live,Live,,False,16.0,,,,,,,,,,burn3d,Burnpro3d,ind,Independence Lake (IND),pre,Prefire,50,CATNF_0050_20240813_1,2024-08-12,15:52,733166,4370640,26910,"12,98 east",11.3,6.0,57.0,True,156.0,,,,,5,10.1,f5009b27-9f4f-4331-af8f-39e845a89d58,5dd82e23-b537-4d50-931e-790c22f09798.jpeg,465b1451-a20d-4006-a981-d40a7fa8ccff,b4bb08f6-08a8-46fd-8b29-015826c1fd82.jpeg,0ed7a7d3-f870-4271-b70b-3fe53a728a60,a73fce5d-cff4-408c-b359-59c18ec83cb4.jpeg,23f5e7b7-51d6-4123-9b20-ab2f513764f0,9759ca78-78ef-4e1e-944d-a59fb8d97858.jpeg,0,Unburned,,,,,1,4.37,1,3,69,0,3,5,15,5,0,100,1,75,60,10,0,5,1,3.0,Abigail
310,50_pre_ind_burn3d,80,328,Live,Live,,False,8.0,,,,,,,,,,burn3d,Burnpro3d,ind,Independence Lake (IND),pre,Prefire,50,CATNF_0050_20240813_1,2024-08-12,15:52,733166,4370640,26910,"12,98 east",11.3,6.0,57.0,True,156.0,,,,,5,10.1,f5009b27-9f4f-4331-af8f-39e845a89d58,5dd82e23-b537-4d50-931e-790c22f09798.jpeg,465b1451-a20d-4006-a981-d40a7fa8ccff,b4bb08f6-08a8-46fd-8b29-015826c1fd82.jpeg,0ed7a7d3-f870-4271-b70b-3fe53a728a60,a73fce5d-cff4-408c-b359-59c18ec83cb4.jpeg,23f5e7b7-51d6-4123-9b20-ab2f513764f0,9759ca78-78ef-4e1e-944d-a59fb8d97858.jpeg,0,Unburned,,,,,1,4.37,1,3,69,0,3,5,15,5,0,100,1,75,60,10,0,5,1,3.0,Abigail
311,54_pre_ind_burn3d,1,363,Live,Live,,False,17.0,,,,,,,,,,burn3d,Burnpro3d,ind,Independence Lake (IND),pre,Prefire,54,,2024-08-13,15:32,732911,4370916,26910,"12,98 east",11.3,16.0,212.0,True,363.0,,,,,72,3.4,76659ff3-2612-4664-bee9-73952656a9f9,ef9ea3a5-7255-4124-8f40-c9751d893f0b.jpeg,d0fbb67d-2595-4f8e-a962-c8b9c03b8725,77bc6aaa-4a05-4689-8387-36b789828726.jpeg,897a60d4-2640-4058-9464-1bd97b7a412a,6043b100-3330-4b82-a9f8-bd87c0b7308d.jpeg,ce106bca-f6ad-4d87-a1f8-68ddb6a2130e,93356919-1126-47d7-b163-3c9e8ef02938.jpeg,1,Light patchy burn pattern,,,,,1,4.37,1,93,5,0,0,1,0,1,0,100,1,40,36,0,3,1,1,3.0,Abigail
312,54_pre_ind_burn3d,2,364,Live,Live,,True,21.0,,,,0.0,0.0,0.0,0.0,1.0,,burn3d,Burnpro3d,ind,Independence Lake (IND),pre,Prefire,54,,2024-08-13,15:32,732911,4370916,26910,"12,98 east",11.3,16.0,212.0,True,363.0,,,,,72,3.4,76659ff3-2612-4664-bee9-73952656a9f9,ef9ea3a5-7255-4124-8f40-c9751d893f0b.jpeg,d0fbb67d-2595-4f8e-a962-c8b9c03b8725,77bc6aaa-4a05-4689-8387-36b789828726.jpeg,897a60d4-2640-4058-9464-1bd97b7a412a,6043b100-3330-4b82-a9f8-bd87c0b7308d.jpeg,ce106bca-f6ad-4d87-a1f8-68ddb6a2130e,93356919-1126-47d7-b163-3c9e8ef02938.jpeg,1,Light patchy burn pattern,,,,,1,4.37,1,93,5,0,0,1,0,1,0,100,1,40,36,0,3,1,1,3.0,Abigail
313,54_pre_ind_burn3d,3,A,Dead,Dead,,False,4.0,,1.0,"1. All limbs and branches presents. Top pointed. 100% of bark remaining. Intact Sapwood presence and sound, incipient decay, hard, original color. Heartwood sound, hard, origonal color.",,,,,,,burn3d,Burnpro3d,ind,Independence Lake (IND),pre,Prefire,54,,2024-08-13,15:32,732911,4370916,26910,"12,98 east",11.3,16.0,212.0,True,363.0,,,,,72,3.4,76659ff3-2612-4664-bee9-73952656a9f9,ef9ea3a5-7255-4124-8f40-c9751d893f0b.jpeg,d0fbb67d-2595-4f8e-a962-c8b9c03b8725,77bc6aaa-4a05-4689-8387-36b789828726.jpeg,897a60d4-2640-4058-9464-1bd97b7a412a,6043b100-3330-4b82-a9f8-bd87c0b7308d.jpeg,ce106bca-f6ad-4d87-a1f8-68ddb6a2130e,93356919-1126-47d7-b163-3c9e8ef02938.jpeg,1,Light patchy burn pattern,,,,,1,4.37,1,93,5,0,0,1,0,1,0,100,1,40,36,0,3,1,1,3.0,Abigail
314,54_pre_ind_burn3d,4,365,Live,Live,,False,20.0,,,,,,,,,,burn3d,Burnpro3d,ind,Independence Lake (IND),pre,Prefire,54,,2024-08-13,15:32,732911,4370916,26910,"12,98 east",11.3,16.0,212.0,True,363.0,,,,,72,3.4,76659ff3-2612-4664-bee9-73952656a9f9,ef9ea3a5-7255-4124-8f40-c9751d893f0b.jpeg,d0fbb67d-2595-4f8e-a962-c8b9c03b8725,77bc6aaa-4a05-4689-8387-36b789828726.jpeg,897a60d4-2640-4058-9464-1bd97b7a412a,6043b100-3330-4b82-a9f8-bd87c0b7308d.jpeg,ce106bca-f6ad-4d87-a1f8-68ddb6a2130e,93356919-1126-47d7-b163-3c9e8ef02938.jpeg,1,Light patchy burn pattern,,,,,1,4.37,1,93,5,0,0,1,0,1,0,100,1,40,36,0,3,1,1,3.0,Abigail
315,54_pre_ind_burn3d,5,366,Live,Live,,True,21.0,,,,0.0,0.0,0.0,0.0,2.0,,burn3d,Burnpro3d,ind,Independence Lake (IND),pre,Prefire,54,,2024-08-13,15:32,732911,4370916,26910,"12,98 east",11.3,16.0,212.0,True,363.0,,,,,72,3.4,76659ff3-2612-4664-bee9-73952656a9f9,ef9ea3a5-7255-4124-8f40-c9751d893f0b.jpeg,d0fbb67d-2595-4f8e-a962-c8b9c03b8725,77bc6aaa-4a05-4689-8387-36b789828726.jpeg,897a60d4-2640-4058-9464-1bd97b7a412a,6043b100-3330-4b82-a9f8-bd87c0b7308d.jpeg,ce106bca-f6ad-4d87-a1f8-68ddb6a2130e,93356919-1126-47d7-b163-3c9e8ef02938.jpeg,1,Light patchy burn pattern,,,,,1,4.37,1,93,5,0,0,1,0,1,0,100,1,40,36,0,3,1,1,3.0,Abigail
316,54_pre_ind_burn3d,6,367,Live,Live,,False,20.0,,,,,,,,,,burn3d,Burnpro3d,ind,Independence Lake (IND),pre,Prefire,54,,2024-08-13,15:32,732911,4370916,26910,"12,98 east",11.3,16.0,212.0,True,363.0,,,,,72,3.4,76659ff3-2612-4664-bee9-73952656a9f9,ef9ea3a5-7255-4124-8f40-c9751d893f0b.jpeg,d0fbb67d-2595-4f8e-a962-c8b9c03b8725,77bc6aaa-4a05-4689-8387-36b789828726.jpeg,897a60d4-2640-4058-9464-1bd97b7a412a,6043b100-3330-4b82-a9f8-bd87c0b7308d.jpeg,ce106bca-f6ad-4d87-a1f8-68ddb6a2130e,93356919-1126-47d7-b163-3c9e8ef02938.jpeg,1,Light patchy burn pattern,,,,,1,4.37,1,93,5,0,0,1,0,1,0,100,1,40,36,0,3,1,1,3.0,Abigail
318,54_pre_ind_burn3d,8,369,Live,Live,,False,22.0,,,,,,,,,,burn3d,Burnpro3d,ind,Independence Lake (IND),pre,Prefire,54,,2024-08-13,15:32,732911,4370916,26910,"12,98 east",11.3,16.0,212.0,True,363.0,,,,,72,3.4,76659ff3-2612-4664-bee9-73952656a9f9,ef9ea3a5-7255-4124-8f40-c9751d893f0b.jpeg,d0fbb67d-2595-4f8e-a962-c8b9c03b8725,77bc6aaa-4a05-4689-8387-36b789828726.jpeg,897a60d4-2640-4058-9464-1bd97b7a412a,6043b100-3330-4b82-a9f8-bd87c0b7308d.jpeg,ce106bca-f6ad-4d87-a1f8-68ddb6a2130e,93356919-1126-47d7-b163-3c9e8ef02938.jpeg,1,Light patchy burn pattern,,,,,1,4.37,1,93,5,0,0,1,0,1,0,100,1,40,36,0,3,1,1,3.0,Abigail
319,54_pre_ind_burn3d,9,370,Live,Live,,False,21.0,,,,,,,,,,burn3d,Burnpro3d,ind,Independence Lake (IND),pre,Prefire,54,,2024-08-13,15:32,732911,4370916,26910,"12,98 east",11.3,16.0,212.0,True,363.0,,,,,72,3.4,76659ff3-2612-4664-bee9-73952656a9f9,ef9ea3a5-7255-4124-8f40-c9751d893f0b.jpeg,d0fbb67d-2595-4f8e-a962-c8b9c03b8725,77bc6aaa-4a05-4689-8387-36b789828726.jpeg,897a60d4-2640-4058-9464-1bd97b7a412a,6043b100-3330-4b82-a9f8-bd87c0b7308d.jpeg,ce106bca-f6ad-4d87-a1f8-68ddb6a2130e,93356919-1126-47d7-b163-3c9e8ef02938.jpeg,1,Light patchy burn pattern,,,,,1,4.37,1,93,5,0,0,1,0,1,0,100,1,40,36,0,3,1,1,3.0,Abigail
320,54_pre_ind_burn3d,10,371,Live,Live,,False,23.0,,,,,,,,,,burn3d,Burnpro3d,ind,Independence Lake (IND),pre,Prefire,54,,2024-08-13,15:32,732911,4370916,26910,"12,98 east",11.3,16.0,212.0,True,363.0,,,,,72,3.4,76659ff3-2612-4664-bee9-73952656a9f9,ef9ea3a5-7255-4124-8f40-c9751d893f0b.jpeg,d0fbb67d-2595-4f8e-a962-c8b9c03b8725,77bc6aaa-4a05-4689-8387-36b789828726.jpeg,897a60d4-2640-4058-9464-1bd97b7a412a,6043b100-3330-4b82-a9f8-bd87c0b7308d.jpeg,ce106bca-f6ad-4d87-a1f8-68ddb6a2130e,93356919-1126-47d7-b163-3c9e8ef02938.jpeg,1,Light patchy burn pattern,,,,,1,4.37,1,93,5,0,0,1,0,1,0,100,1,40,36,0,3,1,1,3.0,Abigail
321,54_pre_ind_burn3d,11,372,Live,Live,,False,22.0,,,,,,,,,,burn3d,Burnpro3d,ind,Independence Lake (IND),pre,Prefire,54,,2024-08-13,15:32,732911,4370916,26910,"12,98 east",11.3,16.0,212.0,True,363.0,,,,,72,3.4,76659ff3-2612-4664-bee9-73952656a9f9,ef9ea3a5-7255-4124-8f40-c9751d893f0b.jpeg,d0fbb67d-2595-4f8e-a962-c8b9c03b8725,77bc6aaa-4a05-4689-8387-36b789828726.jpeg,897a60d4-2640-4058-9464-1bd97b7a412a,6043b100-3330-4b82-a9f8-bd87c0b7308d.jpeg,ce106bca-f6ad-4d87-a1f8-68ddb6a2130e,93356919-1126-47d7-b163-3c9e8ef02938.jpeg,1,Light patchy burn pattern,,,,,1,4.37,1,93,5,0,0,1,0,1,0,100,1,40,36,0,3,1,1,3.0,Abigail
324,54_pre_ind_burn3d,14,374,Live,Live,,False,26.0,,,,,,,,,,burn3d,Burnpro3d,ind,Independence Lake (IND),pre,Prefire,54,,2024-08-13,15:32,732911,4370916,26910,"12,98 east",11.3,16.0,212.0,True,363.0,,,,,72,3.4,76659ff3-2612-4664-bee9-73952656a9f9,ef9ea3a5-7255-4124-8f40-c9751d893f0b.jpeg,d0fbb67d-2595-4f8e-a962-c8b9c03b8725,77bc6aaa-4a05-4689-8387-36b789828726.jpeg,897a60d4-2640-4058-9464-1bd97b7a412a,6043b100-3330-4b82-a9f8-bd87c0b7308d.jpeg,ce106bca-f6ad-4d87-a1f8-68ddb6a2130e,93356919-1126-47d7-b163-3c9e8ef02938.jpeg,1,Light patchy burn pattern,,,,,1,4.37,1,93,5,0,0,1,0,1,0,100,1,40,36,0,3,1,1,3.0,Abigail
325,54_pre_ind_burn3d,15,375,Live,Live,,False,21.0,,,,,,,,,,burn3d,Burnpro3d,ind,Independence Lake (IND),pre,Prefire,54,,2024-08-13,15:32,732911,4370916,26910,"12,98 east",11.3,16.0,212.0,True,363.0,,,,,72,3.4,76659ff3-2612-4664-bee9-73952656a9f9,ef9ea3a5-7255-4124-8f40-c9751d893f0b.jpeg,d0fbb67d-2595-4f8e-a962-c8b9c03b8725,77bc6aaa-4a05-4689-8387-36b789828726.jpeg,897a60d4-2640-4058-9464-1bd97b7a412a,6043b100-3330-4b82-a9f8-bd87c0b7308d.jpeg,ce106bca-f6ad-4d87-a1f8-68ddb6a2130e,93356919-1126-47d7-b163-3c9e8ef02938.jpeg,1,Light patchy burn pattern,,,,,1,4.37,1,93,5,0,0,1,0,1,0,100,1,40,36,0,3,1,1,3.0,Abigail
326,69_pre_ind_burn3d,1,329,Live,Live,,False,13.0,,,,,,,,,Witness tree,burn3d,Burnpro3d,ind,Independence Lake (IND),pre,Prefire,69,CATNF_0069_20240813_1,2024-08-13,10:13,733206,4370758,26910,"12,98 east",11.3,2.0,105.0,True,329.0,,,,,18,8.7,c658d34c-3d06-44ac-b437-5f8348514845,f1dfd4dd-d08a-40a9-9aff-276f4ea70fbd.jpeg,c02ef86c-b610-4086-82c1-07258e014211,c845f5d9-c855-42fb-ae16-ba07618bb89d.jpeg,4e261ffc-818e-4205-9728-5c2689160a1e,8b453481-faa4-4c83-a4f3-c5d65a27e3df.jpeg,5db6334b-35f8-4251-967a-7451483fd5d6,fade71e1-6038-42b4-9668-24961c0e05a6.jpeg,0,Unburned,,,,,1,4.37,1,5,90,0,0,2,2,1,0,100,1,55,10,0,0,35,1,3.0,Abigail
327,69_pre_ind_burn3d,2,330,Live,Live,,False,15.0,,,,,,,,,,burn3d,Burnpro3d,ind,Independence Lake (IND),pre,Prefire,69,CATNF_0069_20240813_1,2024-08-13,10:13,733206,4370758,26910,"12,98 east",11.3,2.0,105.0,True,329.0,,,,,18,8.7,c658d34c-3d06-44ac-b437-5f8348514845,f1dfd4dd-d08a-40a9-9aff-276f4ea70fbd.jpeg,c02ef86c-b610-4086-82c1-07258e014211,c845f5d9-c855-42fb-ae16-ba07618bb89d.jpeg,4e261ffc-818e-4205-9728-5c2689160a1e,8b453481-faa4-4c83-a4f3-c5d65a27e3df.jpeg,5db6334b-35f8-4251-967a-7451483fd5d6,fade71e1-6038-42b4-9668-24961c0e05a6.jpeg,0,Unburned,,,,,1,4.37,1,5,90,0,0,2,2,1,0,100,1,55,10,0,0,35,1,3.0,Abigail
328,69_pre_ind_burn3d,3,331,Live,Live,,False,16.0,,,,,,,,,,burn3d,Burnpro3d,ind,Independence Lake (IND),pre,Prefire,69,CATNF_0069_20240813_1,2024-08-13,10:13,733206,4370758,26910,"12,98 east",11.3,2.0,105.0,True,329.0,,,,,18,8.7,c658d34c-3d06-44ac-b437-5f8348514845,f1dfd4dd-d08a-40a9-9aff-276f4ea70fbd.jpeg,c02ef86c-b610-4086-82c1-07258e014211,c845f5d9-c855-42fb-ae16-ba07618bb89d.jpeg,4e261ffc-818e-4205-9728-5c2689160a1e,8b453481-faa4-4c83-a4f3-c5d65a27e3df.jpeg,5db6334b-35f8-4251-967a-7451483fd5d6,fade71e1-6038-42b4-9668-24961c0e05a6.jpeg,0,Unburned,,,,,1,4.37,1,5,90,0,0,2,2,1,0,100,1,55,10,0,0,35,1,3.0,Abigail
329,69_pre_ind_burn3d,4,332,Live,Live,,False,22.0,,,,,,,,,,burn3d,Burnpro3d,ind,Independence Lake (IND),pre,Prefire,69,CATNF_0069_20240813_1,2024-08-13,10:13,733206,4370758,26910,"12,98 east",11.3,2.0,105.0,True,329.0,,,,,18,8.7,c658d34c-3d06-44ac-b437-5f8348514845,f1dfd4dd-d08a-40a9-9aff-276f4ea70fbd.jpeg,c02ef86c-b610-4086-82c1-07258e014211,c845f5d9-c855-42fb-ae16-ba07618bb89d.jpeg,4e261ffc-818e-4205-9728-5c2689160a1e,8b453481-faa4-4c83-a4f3-c5d65a27e3df.jpeg,5db6334b-35f8-4251-967a-7451483fd5d6,fade71e1-6038-42b4-9668-24961c0e05a6.jpeg,0,Unburned,,,,,1,4.37,1,5,90,0,0,2,2,1,0,100,1,55,10,0,0,35,1,3.0,Abigail
330,69_pre_ind_burn3d,5,333,Live,Live,,False,25.0,,,,,,,,,,burn3d,Burnpro3d,ind,Independence Lake (IND),pre,Prefire,69,CATNF_0069_20240813_1,2024-08-13,10:13,733206,4370758,26910,"12,98 east",11.3,2.0,105.0,True,329.0,,,,,18,8.7,c658d34c-3d06-44ac-b437-5f8348514845,f1dfd4dd-d08a-40a9-9aff-276f4ea70fbd.jpeg,c02ef86c-b610-4086-82c1-07258e014211,c845f5d9-c855-42fb-ae16-ba07618bb89d.jpeg,4e261ffc-818e-4205-9728-5c2689160a1e,8b453481-faa4-4c83-a4f3-c5d65a27e3df.jpeg,5db6334b-35f8-4251-967a-7451483fd5d6,fade71e1-6038-42b4-9668-24961c0e05a6.jpeg,0,Unburned,,,,,1,4.37,1,5,90,0,0,2,2,1,0,100,1,55,10,0,0,35,1,3.0,Abigail
332,69_pre_ind_burn3d,7,335,Live,Live,,False,28.0,,,,,,,,,,burn3d,Burnpro3d,ind,Independence Lake (IND),pre,Prefire,69,CATNF_0069_20240813_1,2024-08-13,10:13,733206,4370758,26910,"12,98 east",11.3,2.0,105.0,True,329.0,,,,,18,8.7,c658d34c-3d06-44ac-b437-5f8348514845,f1dfd4dd-d08a-40a9-9aff-276f4ea70fbd.jpeg,c02ef86c-b610-4086-82c1-07258e014211,c845f5d9-c855-42fb-ae16-ba07618bb89d.jpeg,4e261ffc-818e-4205-9728-5c2689160a1e,8b453481-faa4-4c83-a4f3-c5d65a27e3df.jpeg,5db6334b-35f8-4251-967a-7451483fd5d6,fade71e1-6038-42b4-9668-24961c0e05a6.jpeg,0,Unburned,,,,,1,4.37,1,5,90,0,0,2,2,1,0,100,1,55,10,0,0,35,1,3.0,Abigail
333,69_pre_ind_burn3d,8,336,Live,Live,,False,14.0,,,,,,,,,,burn3d,Burnpro3d,ind,Independence Lake (IND),pre,Prefire,69,CATNF_0069_20240813_1,2024-08-13,10:13,733206,4370758,26910,"12,98 east",11.3,2.0,105.0,True,329.0,,,,,18,8.7,c658d34c-3d06-44ac-b437-5f8348514845,f1dfd4dd-d08a-40a9-9aff-276f4ea70fbd.jpeg,c02ef86c-b610-4086-82c1-07258e014211,c845f5d9-c855-42fb-ae16-ba07618bb89d.jpeg,4e261ffc-818e-4205-9728-5c2689160a1e,8b453481-faa4-4c83-a4f3-c5d65a27e3df.jpeg,5db6334b-35f8-4251-967a-7451483fd5d6,fade71e1-6038-42b4-9668-24961c0e05a6.jpeg,0,Unburned,,,,,1,4.37,1,5,90,0,0,2,2,1,0,100,1,55,10,0,0,35,1,3.0,Abigail
337,59_pre_ind_burn3d,3,127,Live,Live,,False,22.0,,,,,,,,,,burn3d,Burnpro3d,ind,Independence Lake (IND),pre,Prefire,59,CATNF_0059_20240730_1,2024-07-30,14:27,732772,4371203,26910,12.98°E,11.3,16.0,140.0,True,125.0,,,,,3,6.0,fb20e5c0-a133-485c-b110-0d27b9b3bd89,353a2036-161d-44dc-afb6-a9543e3b1318.jpeg,9c81db1e-b143-4a25-8718-88b286f88e94,8c11e375-9306-4d53-a572-a566232d1b36.jpeg,e82893f7-9182-4d3a-9b41-253a908281b6,8892d276-748c-4d5f-a531-c60dc9428306.jpeg,6c5ef9a2-7306-4ae1-bf86-d6aa1adb6d6d,f3879b8b-c3c4-4d12-a7aa-0e1857a502fc.jpeg,1,Light patchy burn pattern,,,,,1,4.37,1,35,62,0,0,2,0,1,0,100,1,25,20,0,2,0,1,3.0,Abigail
339,59_pre_ind_burn3d,5,129,Live,Live,,True,23.0,,,,0.0,0.0,0.0,0.0,0.1,,burn3d,Burnpro3d,ind,Independence Lake (IND),pre,Prefire,59,CATNF_0059_20240730_1,2024-07-30,14:27,732772,4371203,26910,12.98°E,11.3,16.0,140.0,True,125.0,,,,,3,6.0,fb20e5c0-a133-485c-b110-0d27b9b3bd89,353a2036-161d-44dc-afb6-a9543e3b1318.jpeg,9c81db1e-b143-4a25-8718-88b286f88e94,8c11e375-9306-4d53-a572-a566232d1b36.jpeg,e82893f7-9182-4d3a-9b41-253a908281b6,8892d276-748c-4d5f-a531-c60dc9428306.jpeg,6c5ef9a2-7306-4ae1-bf86-d6aa1adb6d6d,f3879b8b-c3c4-4d12-a7aa-0e1857a502fc.jpeg,1,Light patchy burn pattern,,,,,1,4.37,1,35,62,0,0,2,0,1,0,100,1,25,20,0,2,0,1,3.0,Abigail
340,59_pre_ind_burn3d,6,130,Live,Live,,True,21.0,,,,0.0,0.0,0.0,0.0,1.0,,burn3d,Burnpro3d,ind,Independence Lake (IND),pre,Prefire,59,CATNF_0059_20240730_1,2024-07-30,14:27,732772,4371203,26910,12.98°E,11.3,16.0,140.0,True,125.0,,,,,3,6.0,fb20e5c0-a133-485c-b110-0d27b9b3bd89,353a2036-161d-44dc-afb6-a9543e3b1318.jpeg,9c81db1e-b143-4a25-8718-88b286f88e94,8c11e375-9306-4d53-a572-a566232d1b36.jpeg,e82893f7-9182-4d3a-9b41-253a908281b6,8892d276-748c-4d5f-a531-c60dc9428306.jpeg,6c5ef9a2-7306-4ae1-bf86-d6aa1adb6d6d,f3879b8b-c3c4-4d12-a7aa-0e1857a502fc.jpeg,1,Light patchy burn pattern,,,,,1,4.37,1,35,62,0,0,2,0,1,0,100,1,25,20,0,2,0,1,3.0,Abigail
341,59_pre_ind_burn3d,7,A,Dead,Dead,,True,8.0,,1.0,"1. All limbs and branches presents. Top pointed. 100% of bark remaining. Intact Sapwood presence and sound, incipient decay, hard, original color. Heartwood sound, hard, origonal color.",0.0,0.0,0.0,0.0,0.5,,burn3d,Burnpro3d,ind,Independence Lake (IND),pre,Prefire,59,CATNF_0059_20240730_1,2024-07-30,14:27,732772,4371203,26910,12.98°E,11.3,16.0,140.0,True,125.0,,,,,3,6.0,fb20e5c0-a133-485c-b110-0d27b9b3bd89,353a2036-161d-44dc-afb6-a9543e3b1318.jpeg,9c81db1e-b143-4a25-8718-88b286f88e94,8c11e375-9306-4d53-a572-a566232d1b36.jpeg,e82893f7-9182-4d3a-9b41-253a908281b6,8892d276-748c-4d5f-a531-c60dc9428306.jpeg,6c5ef9a2-7306-4ae1-bf86-d6aa1adb6d6d,f3879b8b-c3c4-4d12-a7aa-0e1857a502fc.jpeg,1,Light patchy burn pattern,,,,,1,4.37,1,35,62,0,0,2,0,1,0,100,1,25,20,0,2,0,1,3.0,Abigail
342,59_pre_ind_burn3d,8,132,Live,Live,,True,25.0,,,,0.0,0.0,0.0,0.0,2.0,,burn3d,Burnpro3d,ind,Independence Lake (IND),pre,Prefire,59,CATNF_0059_20240730_1,2024-07-30,14:27,732772,4371203,26910,12.98°E,11.3,16.0,140.0,True,125.0,,,,,3,6.0,fb20e5c0-a133-485c-b110-0d27b9b3bd89,353a2036-161d-44dc-afb6-a9543e3b1318.jpeg,9c81db1e-b143-4a25-8718-88b286f88e94,8c11e375-9306-4d53-a572-a566232d1b36.jpeg,e82893f7-9182-4d3a-9b41-253a908281b6,8892d276-748c-4d5f-a531-c60dc9428306.jpeg,6c5ef9a2-7306-4ae1-bf86-d6aa1adb6d6d,f3879b8b-c3c4-4d12-a7aa-0e1857a502fc.jpeg,1,Light patchy burn pattern,,,,,1,4.37,1,35,62,0,0,2,0,1,0,100,1,25,20,0,2,0,1,3.0,Abigail
343,59_pre_ind_burn3d,9,131,Live,Live,,False,27.0,,,,,,,,,,burn3d,Burnpro3d,ind,Independence Lake (IND),pre,Prefire,59,CATNF_0059_20240730_1,2024-07-30,14:27,732772,4371203,26910,12.98°E,11.3,16.0,140.0,True,125.0,,,,,3,6.0,fb20e5c0-a133-485c-b110-0d27b9b3bd89,353a2036-161d-44dc-afb6-a9543e3b1318.jpeg,9c81db1e-b143-4a25-8718-88b286f88e94,8c11e375-9306-4d53-a572-a566232d1b36.jpeg,e82893f7-9182-4d3a-9b41-253a908281b6,8892d276-748c-4d5f-a531-c60dc9428306.jpeg,6c5ef9a2-7306-4ae1-bf86-d6aa1adb6d6d,f3879b8b-c3c4-4d12-a7aa-0e1857a502fc.jpeg,1,Light patchy burn pattern,,,,,1,4.37,1,35,62,0,0,2,0,1,0,100,1,25,20,0,2,0,1,3.0,Abigail
344,59_pre_ind_burn3d,10,133,Live,Live,,False,25.0,,,,,,,,,,burn3d,Burnpro3d,ind,Independence Lake (IND),pre,Prefire,59,CATNF_0059_20240730_1,2024-07-30,14:27,732772,4371203,26910,12.98°E,11.3,16.0,140.0,True,125.0,,,,,3,6.0,fb20e5c0-a133-485c-b110-0d27b9b3bd89,353a2036-161d-44dc-afb6-a9543e3b1318.jpeg,9c81db1e-b143-4a25-8718-88b286f88e94,8c11e375-9306-4d53-a572-a566232d1b36.jpeg,e82893f7-9182-4d3a-9b41-253a908281b6,8892d276-748c-4d5f-a531-c60dc9428306.jpeg,6c5ef9a2-7306-4ae1-bf86-d6aa1adb6d6d,f3879b8b-c3c4-4d12-a7aa-0e1857a502fc.jpeg,1,Light patchy burn pattern,,,,,1,4.37,1,35,62,0,0,2,0,1,0,100,1,25,20,0,2,0,1,3.0,Abigail
347,58_pre_ind_burn3d,2,116,Live,Live,,False,26.0,,,,,,,,,,burn3d,Burnpro3d,ind,Independence Lake (IND),pre,Prefire,58,CATNF_0058_20240730_1,2024-07-30,08:40,732906,4371380,26910,12.98°E,11.3,3.0,114.0,True,115.0,,,,,81,2.63,ac8dd183-202d-46b7-ae58-d135d39aa8f8,0d9e1504-23b5-4291-aff4-8f9b82993400.jpeg,246d0e4a-8be5-4095-a54e-a659f2de4389,06f0860b-8041-4953-a99b-8522dc4508aa.jpeg,293f6a04-8a41-420b-b26d-fed4ce4547c5,98fe90af-7269-4ba6-9b1a-09c10a7ca51b.jpeg,c12e40c6-7431-4877-8c76-60a895de6b84,dd707157-0257-489d-a0d4-90f46f3a9ebb.jpeg,0,Unburned,,,,,1,4.37,1,10,83,0,0,1,1,5,0,100,1,60,15,0,8,15,1,3.0,Abigail
348,58_pre_ind_burn3d,3,117,Live,Live,,False,25.0,,,,,,,,,,burn3d,Burnpro3d,ind,Independence Lake (IND),pre,Prefire,58,CATNF_0058_20240730_1,2024-07-30,08:40,732906,4371380,26910,12.98°E,11.3,3.0,114.0,True,115.0,,,,,81,2.63,ac8dd183-202d-46b7-ae58-d135d39aa8f8,0d9e1504-23b5-4291-aff4-8f9b82993400.jpeg,246d0e4a-8be5-4095-a54e-a659f2de4389,06f0860b-8041-4953-a99b-8522dc4508aa.jpeg,293f6a04-8a41-420b-b26d-fed4ce4547c5,98fe90af-7269-4ba6-9b1a-09c10a7ca51b.jpeg,c12e40c6-7431-4877-8c76-60a895de6b84,dd707157-0257-489d-a0d4-90f46f3a9ebb.jpeg,0,Unburned,,,,,1,4.37,1,10,83,0,0,1,1,5,0,100,1,60,15,0,8,15,1,3.0,Abigail
350,58_pre_ind_burn3d,5,119,Live,Live,,False,24.0,,,,,,,,,,burn3d,Burnpro3d,ind,Independence Lake (IND),pre,Prefire,58,CATNF_0058_20240730_1,2024-07-30,08:40,732906,4371380,26910,12.98°E,11.3,3.0,114.0,True,115.0,,,,,81,2.63,ac8dd183-202d-46b7-ae58-d135d39aa8f8,0d9e1504-23b5-4291-aff4-8f9b82993400.jpeg,246d0e4a-8be5-4095-a54e-a659f2de4389,06f0860b-8041-4953-a99b-8522dc4508aa.jpeg,293f6a04-8a41-420b-b26d-fed4ce4547c5,98fe90af-7269-4ba6-9b1a-09c10a7ca51b.jpeg,c12e40c6-7431-4877-8c76-60a895de6b84,dd707157-0257-489d-a0d4-90f46f3a9ebb.jpeg,0,Unburned,,,,,1,4.37,1,10,83,0,0,1,1,5,0,100,1,60,15,0,8,15,1,3.0,Abigail
351,58_pre_ind_burn3d,7,A,Dead,Dead,,False,3.0,,2.0,"2. Few limbs, no fine brances. Top bronken. Percentatge of bark remaining variable. Sloughing sapwood presence and advanced decay, fibrous, firm to soft, light brown. Heartwood soud at base, incipient decay in outer edge of upper bole, hard, light to red brown.",,,,,,,burn3d,Burnpro3d,ind,Independence Lake (IND),pre,Prefire,58,CATNF_0058_20240730_1,2024-07-30,08:40,732906,4371380,26910,12.98°E,11.3,3.0,114.0,True,115.0,,,,,81,2.63,ac8dd183-202d-46b7-ae58-d135d39aa8f8,0d9e1504-23b5-4291-aff4-8f9b82993400.jpeg,246d0e4a-8be5-4095-a54e-a659f2de4389,06f0860b-8041-4953-a99b-8522dc4508aa.jpeg,293f6a04-8a41-420b-b26d-fed4ce4547c5,98fe90af-7269-4ba6-9b1a-09c10a7ca51b.jpeg,c12e40c6-7431-4877-8c76-60a895de6b84,dd707157-0257-489d-a0d4-90f46f3a9ebb.jpeg,0,Unburned,,,,,1,4.37,1,10,83,0,0,1,1,5,0,100,1,60,15,0,8,15,1,3.0,Abigail
353,58_pre_ind_burn3d,9,122,Live,Live,,False,23.0,,,,,,,,,,burn3d,Burnpro3d,ind,Independence Lake (IND),pre,Prefire,58,CATNF_0058_20240730_1,2024-07-30,08:40,732906,4371380,26910,12.98°E,11.3,3.0,114.0,True,115.0,,,,,81,2.63,ac8dd183-202d-46b7-ae58-d135d39aa8f8,0d9e1504-23b5-4291-aff4-8f9b82993400.jpeg,246d0e4a-8be5-4095-a54e-a659f2de4389,06f0860b-8041-4953-a99b-8522dc4508aa.jpeg,293f6a04-8a41-420b-b26d-fed4ce4547c5,98fe90af-7269-4ba6-9b1a-09c10a7ca51b.jpeg,c12e40c6-7431-4877-8c76-60a895de6b84,dd707157-0257-489d-a0d4-90f46f3a9ebb.jpeg,0,Unburned,,,,,1,4.37,1,10,83,0,0,1,1,5,0,100,1,60,15,0,8,15,1,3.0,Abigail
355,58_pre_ind_burn3d,11,C,Dead,Dead,,False,24.0,,1.0,"1. All limbs and branches presents. Top pointed. 100% of bark remaining. Intact Sapwood presence and sound, incipient decay, hard, original color. Heartwood sound, hard, origonal color.",,,,,,,burn3d,Burnpro3d,ind,Independence Lake (IND),pre,Prefire,58,CATNF_0058_20240730_1,2024-07-30,08:40,732906,4371380,26910,12.98°E,11.3,3.0,114.0,True,115.0,,,,,81,2.63,ac8dd183-202d-46b7-ae58-d135d39aa8f8,0d9e1504-23b5-4291-aff4-8f9b82993400.jpeg,246d0e4a-8be5-4095-a54e-a659f2de4389,06f0860b-8041-4953-a99b-8522dc4508aa.jpeg,293f6a04-8a41-420b-b26d-fed4ce4547c5,98fe90af-7269-4ba6-9b1a-09c10a7ca51b.jpeg,c12e40c6-7431-4877-8c76-60a895de6b84,dd707157-0257-489d-a0d4-90f46f3a9ebb.jpeg,0,Unburned,,,,,1,4.37,1,10,83,0,0,1,1,5,0,100,1,60,15,0,8,15,1,3.0,Abigail
356,58_pre_ind_burn3d,12,123,Live,Live,,False,23.0,,,,,,,,,,burn3d,Burnpro3d,ind,Independence Lake (IND),pre,Prefire,58,CATNF_0058_20240730_1,2024-07-30,08:40,732906,4371380,26910,12.98°E,11.3,3.0,114.0,True,115.0,,,,,81,2.63,ac8dd183-202d-46b7-ae58-d135d39aa8f8,0d9e1504-23b5-4291-aff4-8f9b82993400.jpeg,246d0e4a-8be5-4095-a54e-a659f2de4389,06f0860b-8041-4953-a99b-8522dc4508aa.jpeg,293f6a04-8a41-420b-b26d-fed4ce4547c5,98fe90af-7269-4ba6-9b1a-09c10a7ca51b.jpeg,c12e40c6-7431-4877-8c76-60a895de6b84,dd707157-0257-489d-a0d4-90f46f3a9ebb.jpeg,0,Unburned,,,,,1,4.37,1,10,83,0,0,1,1,5,0,100,1,60,15,0,8,15,1,3.0,Abigail
357,58_pre_ind_burn3d,13,124,Live,Live,,False,25.0,,,,,,,,,,burn3d,Burnpro3d,ind,Independence Lake (IND),pre,Prefire,58,CATNF_0058_20240730_1,2024-07-30,08:40,732906,4371380,26910,12.98°E,11.3,3.0,114.0,True,115.0,,,,,81,2.63,ac8dd183-202d-46b7-ae58-d135d39aa8f8,0d9e1504-23b5-4291-aff4-8f9b82993400.jpeg,246d0e4a-8be5-4095-a54e-a659f2de4389,06f0860b-8041-4953-a99b-8522dc4508aa.jpeg,293f6a04-8a41-420b-b26d-fed4ce4547c5,98fe90af-7269-4ba6-9b1a-09c10a7ca51b.jpeg,c12e40c6-7431-4877-8c76-60a895de6b84,dd707157-0257-489d-a0d4-90f46f3a9ebb.jpeg,0,Unburned,,,,,1,4.37,1,10,83,0,0,1,1,5,0,100,1,60,15,0,8,15,1,3.0,Abigail
